<?xml version="1.0" encoding="utf-8"?>
<COLLADA xmlns:xsi="http://www.w3.org/2001/XMLSchema-instance" xmlns:xsd="http://www.w3.org/2001/XMLSchema" version="1.4.1" xmlns="http://www.collada.org/2005/11/COLLADASchema">
  <asset>
    <contributor>
      <author />
      <authoring_tool>Unity3D 2017.3.1p4 - COLLADA exporter v1.6.4</authoring_tool>
      <comments />
      <copyright />
      <source_data>Demo_scene.unity</source_data>
    </contributor>
    <created>2018-03-22T18:54:09.584719-03:00</created>
    <modified>2018-03-22T18:54:09.58472-03:00</modified>
    <unit meter="1" name="meter" />
    <up_axis>Y_UP</up_axis>
  </asset>
  <library_animations>
    <animation id="_32a38bd89e1d4804f8fddd2188c41b18_walk_0">
      <source id="_32a38bd89e1d4804f8fddd2188c41b18_walk_0-input">
        <float_array id="_32a38bd89e1d4804f8fddd2188c41b18_walk_0-input-array" count="2">0.000000 1.033300</float_array>
        <technique_common>
          <accessor count="2" source="#_32a38bd89e1d4804f8fddd2188c41b18_walk_0-input-array">
            <param name="TIME" type="float" />
          </accessor>
        </technique_common>
      </source>
      <source id="_32a38bd89e1d4804f8fddd2188c41b18_walk_0-output">
        <float_array id="_32a38bd89e1d4804f8fddd2188c41b18_walk_0-output-array" count="32">

1.000000 0.000000 0.000000 0.000000 
0.000000 1.000000 0.000000 0.000000 
0.000000 0.000000 1.000000 0.000000 
0.000000 0.000000 0.000000 1.000000 

1.000000 0.000000 0.000000 0.000000 
0.000000 1.000000 0.000000 0.000000 
0.000000 0.000000 1.000000 0.000000 
0.000000 0.000000 0.000000 1.000000</float_array>
        <technique_common>
          <accessor count="2" source="#_32a38bd89e1d4804f8fddd2188c41b18_walk_0-output-array" stride="16">
            <param name="TRANSFORM" type="float4x4" />
          </accessor>
        </technique_common>
      </source>
      <source id="_32a38bd89e1d4804f8fddd2188c41b18_walk_0-interpolation">
        <Name_array id="_32a38bd89e1d4804f8fddd2188c41b18_walk_0-interpolation-array" count="32">LINEAR LINEAR LINEAR LINEAR LINEAR LINEAR LINEAR LINEAR LINEAR LINEAR LINEAR LINEAR LINEAR LINEAR LINEAR LINEAR LINEAR LINEAR LINEAR LINEAR LINEAR LINEAR LINEAR LINEAR LINEAR LINEAR LINEAR LINEAR LINEAR LINEAR LINEAR LINEAR </Name_array>
        <technique_common>
          <accessor count="32" source="#_32a38bd89e1d4804f8fddd2188c41b18_walk_0-interpolation-array">
            <param name="INTERPOLATION" type="name" />
          </accessor>
        </technique_common>
      </source>
      <sampler id="_32a38bd89e1d4804f8fddd2188c41b18_walk_0-sampler">
        <input semantic="INPUT" source="#_32a38bd89e1d4804f8fddd2188c41b18_walk_0-input" />
        <input semantic="OUTPUT" source="#_32a38bd89e1d4804f8fddd2188c41b18_walk_0-output" />
        <input semantic="INTERPOLATION" source="#_32a38bd89e1d4804f8fddd2188c41b18_walk_0-interpolation" />
      </sampler>
      <channel source="#_32a38bd89e1d4804f8fddd2188c41b18_walk_0-sampler" target="_-80290/matrix" />
    </animation>
    <animation id="_32a38bd89e1d4804f8fddd2188c41b18_walk_1">
      <source id="_32a38bd89e1d4804f8fddd2188c41b18_walk_1-input">
        <float_array id="_32a38bd89e1d4804f8fddd2188c41b18_walk_1-input-array" count="32">0.000000 0.033300 0.066600 0.100000 0.133300 0.166600 0.200000 0.233300 0.266600 0.300000 0.333300 0.366600 0.400000 0.433300 0.466600 0.500000 0.533300 0.566600 0.600000 0.633300 0.666600 0.700000 0.733300 0.766600 0.800000 0.833300 0.866600 0.900000 0.933300 0.966600 1.000000 1.033300</float_array>
        <technique_common>
          <accessor count="32" source="#_32a38bd89e1d4804f8fddd2188c41b18_walk_1-input-array">
            <param name="TIME" type="float" />
          </accessor>
        </technique_common>
      </source>
      <source id="_32a38bd89e1d4804f8fddd2188c41b18_walk_1-output">
        <float_array id="_32a38bd89e1d4804f8fddd2188c41b18_walk_1-output-array" count="512">

-0.028350 -0.999505 -0.013634 -0.000483 
0.989865 -0.026173 -0.139578 0.175703 
0.139152 -0.017452 0.990117 -0.005700 
0.000000 0.000000 0.000000 1.000000 

-0.025512 -0.999583 -0.013565 -0.000447 
0.992328 -0.023680 -0.121346 0.174519 
0.120974 -0.016557 0.992518 -0.007125 
0.000000 0.000000 0.000000 1.000000 

-0.020589 -0.999702 -0.013145 -0.000351 
0.995582 -0.019295 -0.091889 0.171314 
0.091608 -0.014979 0.995682 -0.010802 
0.000000 0.000000 0.000000 1.000000 

-0.013550 -0.999837 -0.011937 -0.000224 
0.998433 -0.012881 -0.054452 0.166561 
0.054290 -0.012656 0.998445 -0.015841 
0.000000 0.000000 0.000000 1.000000 

-0.004465 -0.999945 -0.009509 -0.000102 
0.999910 -0.004344 -0.012703 0.160931 
0.012661 -0.009565 0.999874 -0.021280 
0.000000 0.000000 0.000000 1.000000 

0.005773 -0.999968 -0.005586 -0.000022 
0.999649 0.005626 0.025900 0.155340 
-0.025868 -0.005734 0.999649 -0.026214 
0.000000 0.000000 0.000000 1.000000 

0.016766 -0.999859 -0.000575 0.000004 
0.998423 0.016711 0.053587 0.150985 
-0.053570 -0.001472 0.998563 -0.029782 
0.000000 0.000000 0.000000 1.000000 

0.029202 -0.999562 0.004827 0.000000 
0.997361 0.029458 0.066362 0.149243 
-0.066475 0.002876 0.997784 -0.031149 
0.000000 0.000000 0.000000 1.000000 

0.043941 -0.998986 0.009834 0.000021 
0.997177 0.044457 0.060517 0.150603 
-0.060893 0.007147 0.998119 -0.030094 
0.000000 0.000000 0.000000 1.000000 

0.061908 -0.997988 0.013728 0.000100 
0.997362 0.062380 0.037112 0.154114 
-0.037894 0.011394 0.999217 -0.027276 
0.000000 0.000000 0.000000 1.000000 

0.082092 -0.996493 0.016183 0.000242 
0.996613 0.082158 0.003433 0.158836 
-0.004751 0.015847 0.999863 -0.023251 
0.000000 0.000000 0.000000 1.000000 

0.102666 -0.994569 0.017089 0.000422 
0.994153 0.102015 -0.035392 0.163893 
0.033456 0.020623 0.999227 -0.018576 
0.000000 0.000000 0.000000 1.000000 

0.121771 -0.992419 0.016648 0.000605 
0.989968 0.120225 -0.074230 0.168650 
0.071666 0.025520 0.997102 -0.013848 
0.000000 0.000000 0.000000 1.000000 

0.137419 -0.990393 0.015411 0.000754 
0.984983 0.134993 -0.107636 0.172466 
0.104522 0.029971 0.994071 -0.009716 
0.000000 0.000000 0.000000 1.000000 

0.147881 -0.988903 0.014179 0.000853 
0.980796 0.144796 -0.130663 0.175015 
0.127160 0.033229 0.991325 -0.006786 
0.000000 0.000000 0.000000 1.000000 

0.152154 -0.988259 0.013870 0.000887 
0.979341 0.148860 -0.136865 0.175946 
0.133193 0.034408 0.990493 -0.005671 
0.000000 0.000000 0.000000 1.000000 

0.150955 -0.988432 0.014619 0.000884 
0.980944 0.147949 -0.125936 0.175172 
0.122316 0.033351 0.991931 -0.006340 
0.000000 0.000000 0.000000 1.000000 

0.145153 -0.989281 0.015937 0.000865 
0.984467 0.142801 -0.102143 0.173089 
0.098772 0.030516 0.994642 -0.008096 
0.000000 0.000000 0.000000 1.000000 

0.135557 -0.990620 0.017215 0.000819 
0.988526 0.134062 -0.069593 0.170046 
0.066632 0.026451 0.997427 -0.010575 
0.000000 0.000000 0.000000 1.000000 

0.123109 -0.992233 0.017849 0.000737 
0.991929 0.122482 -0.032781 0.166312 
0.030340 0.021741 0.999303 -0.013461 
0.000000 0.000000 0.000000 1.000000 

0.108716 -0.993921 0.017368 0.000627 
0.994055 0.108801 0.004010 0.162316 
-0.005875 0.016829 0.999841 -0.016423 
0.000000 0.000000 0.000000 1.000000 

0.093283 -0.995519 0.015471 0.000503 
0.994923 0.093794 0.036485 0.158692 
-0.037773 0.011989 0.999214 -0.019033 
0.000000 0.000000 0.000000 1.000000 

0.077432 -0.996925 0.012004 0.000380 
0.995311 0.077996 0.057211 0.156107 
-0.057971 0.007518 0.998290 -0.020837 
0.000000 0.000000 0.000000 1.000000 

0.061282 -0.998093 0.007366 0.000266 
0.996116 0.061624 0.062901 0.155166 
-0.063235 0.003483 0.997993 -0.021468 
0.000000 0.000000 0.000000 1.000000 

0.045147 -0.998978 0.002228 0.000155 
0.997467 0.045201 0.054915 0.156063 
-0.054960 -0.000257 0.998489 -0.020834 
0.000000 0.000000 0.000000 1.000000 

0.029484 -0.999561 -0.002744 0.000039 
0.998966 0.029372 0.034695 0.158686 
-0.034599 -0.003764 0.999394 -0.019004 
0.000000 0.000000 0.000000 1.000000 

0.014635 -0.999869 -0.007001 -0.000086 
0.999887 0.014610 0.003636 0.162261 
-0.003534 -0.007053 0.999969 -0.016427 
0.000000 0.000000 0.000000 1.000000 

0.001317 -0.999948 -0.010100 -0.000212 
0.999454 0.001649 -0.032994 0.166157 
0.033009 -0.010051 0.999404 -0.013486 
0.000000 0.000000 0.000000 1.000000 

-0.009796 -0.999880 -0.012038 -0.000324 
0.997609 -0.008949 -0.068522 0.169852 
0.068407 -0.012680 0.997577 -0.010585 
0.000000 0.000000 0.000000 1.000000 

-0.018557 -0.999742 -0.013078 -0.000409 
0.994832 -0.017157 -0.100072 0.172861 
0.099822 -0.014867 0.994894 -0.008122 
0.000000 0.000000 0.000000 1.000000 

-0.024806 -0.999601 -0.013513 -0.000464 
0.991921 -0.022929 -0.124767 0.174934 
0.124407 -0.016498 0.992094 -0.006367 
0.000000 0.000000 0.000000 1.000000 

-0.028348 -0.999505 -0.013633 -0.000483 
0.989866 -0.026171 -0.139569 0.175703 
0.139143 -0.017452 0.990119 -0.005700 
0.000000 0.000000 0.000000 1.000000</float_array>
        <technique_common>
          <accessor count="32" source="#_32a38bd89e1d4804f8fddd2188c41b18_walk_1-output-array" stride="16">
            <param name="TRANSFORM" type="float4x4" />
          </accessor>
        </technique_common>
      </source>
      <source id="_32a38bd89e1d4804f8fddd2188c41b18_walk_1-interpolation">
        <Name_array id="_32a38bd89e1d4804f8fddd2188c41b18_walk_1-interpolation-array" count="32">LINEAR LINEAR LINEAR LINEAR LINEAR LINEAR LINEAR LINEAR LINEAR LINEAR LINEAR LINEAR LINEAR LINEAR LINEAR LINEAR LINEAR LINEAR LINEAR LINEAR LINEAR LINEAR LINEAR LINEAR LINEAR LINEAR LINEAR LINEAR LINEAR LINEAR LINEAR LINEAR </Name_array>
        <technique_common>
          <accessor count="32" source="#_32a38bd89e1d4804f8fddd2188c41b18_walk_1-interpolation-array">
            <param name="INTERPOLATION" type="name" />
          </accessor>
        </technique_common>
      </source>
      <sampler id="_32a38bd89e1d4804f8fddd2188c41b18_walk_1-sampler">
        <input semantic="INPUT" source="#_32a38bd89e1d4804f8fddd2188c41b18_walk_1-input" />
        <input semantic="OUTPUT" source="#_32a38bd89e1d4804f8fddd2188c41b18_walk_1-output" />
        <input semantic="INTERPOLATION" source="#_32a38bd89e1d4804f8fddd2188c41b18_walk_1-interpolation" />
      </sampler>
      <channel source="#_32a38bd89e1d4804f8fddd2188c41b18_walk_1-sampler" target="_-80302/matrix" />
    </animation>
    <animation id="_32a38bd89e1d4804f8fddd2188c41b18_walk_2">
      <source id="_32a38bd89e1d4804f8fddd2188c41b18_walk_2-input">
        <float_array id="_32a38bd89e1d4804f8fddd2188c41b18_walk_2-input-array" count="32">0.000000 0.033300 0.066600 0.100000 0.133300 0.166600 0.200000 0.233300 0.266600 0.300000 0.333300 0.366600 0.400000 0.433300 0.466600 0.500000 0.533300 0.566600 0.600000 0.633300 0.666600 0.700000 0.733300 0.766600 0.800000 0.833300 0.866600 0.900000 0.933300 0.966600 1.000000 1.033300</float_array>
        <technique_common>
          <accessor count="32" source="#_32a38bd89e1d4804f8fddd2188c41b18_walk_2-input-array">
            <param name="TIME" type="float" />
          </accessor>
        </technique_common>
      </source>
      <source id="_32a38bd89e1d4804f8fddd2188c41b18_walk_2-output">
        <float_array id="_32a38bd89e1d4804f8fddd2188c41b18_walk_2-output-array" count="512">

1.000000 0.000000 0.000000 0.053886 
0.000000 1.000000 0.000000 0.000000 
0.000000 0.000000 1.000000 0.000000 
0.000000 0.000000 0.000000 1.000000 

0.999940 0.010990 0.000000 0.053886 
-0.010990 0.999940 0.000000 0.000000 
0.000000 0.000000 1.000000 0.000000 
0.000000 0.000000 0.000000 1.000000 

0.999591 0.028598 0.000000 0.053886 
-0.028598 0.999591 0.000000 0.000000 
0.000000 0.000000 1.000000 0.000000 
0.000000 0.000000 0.000000 1.000000 

0.998743 0.050126 0.000000 0.053886 
-0.050126 0.998743 0.000000 0.000000 
0.000000 0.000000 1.000000 0.000000 
0.000000 0.000000 0.000000 1.000000 

0.997357 0.072660 0.000000 0.053886 
-0.072660 0.997357 0.000000 0.000000 
0.000000 0.000000 1.000000 0.000000 
0.000000 0.000000 0.000000 1.000000 

0.995620 0.093488 0.000000 0.053886 
-0.093488 0.995620 0.000000 0.000000 
0.000000 0.000000 1.000000 0.000000 
0.000000 0.000000 0.000000 1.000000 

0.993943 0.109900 0.000000 0.053886 
-0.109900 0.993943 0.000000 0.000000 
0.000000 0.000000 1.000000 0.000000 
0.000000 0.000000 0.000000 1.000000 

0.992886 0.119067 0.000000 0.053886 
-0.119067 0.992886 0.000000 0.000000 
0.000000 0.000000 1.000000 0.000000 
0.000000 0.000000 0.000000 1.000000 

0.992974 0.118329 0.000000 0.053886 
-0.118329 0.992974 0.000000 0.000000 
0.000000 0.000000 1.000000 0.000000 
0.000000 0.000000 0.000000 1.000000 

0.993996 0.109418 0.000000 0.053886 
-0.109418 0.993996 0.000000 0.000000 
0.000000 0.000000 1.000000 0.000000 
0.000000 0.000000 0.000000 1.000000 

0.995327 0.096563 0.000000 0.053886 
-0.096563 0.995327 0.000000 0.000000 
0.000000 0.000000 1.000000 0.000000 
0.000000 0.000000 0.000000 1.000000 

0.996749 0.080574 0.000000 0.053886 
-0.080574 0.996749 0.000000 0.000000 
0.000000 0.000000 1.000000 0.000000 
0.000000 0.000000 0.000000 1.000000 

0.998062 0.062233 0.000000 0.053886 
-0.062233 0.998062 0.000000 0.000000 
0.000000 0.000000 1.000000 0.000000 
0.000000 0.000000 0.000000 1.000000 

0.999097 0.042497 0.000000 0.053886 
-0.042497 0.999097 0.000000 0.000000 
0.000000 0.000000 1.000000 0.000000 
0.000000 0.000000 0.000000 1.000000 

0.999754 0.022165 0.000000 0.053886 
-0.022165 0.999754 0.000000 0.000000 
0.000000 0.000000 1.000000 0.000000 
0.000000 0.000000 0.000000 1.000000 

0.999998 0.002033 0.000000 0.053886 
-0.002033 0.999998 0.000000 0.000000 
0.000000 0.000000 1.000000 0.000000 
0.000000 0.000000 0.000000 1.000000 

0.999857 -0.016923 0.000000 0.053886 
0.016923 0.999857 0.000000 0.000000 
0.000000 0.000000 1.000000 0.000000 
0.000000 0.000000 0.000000 1.000000 

0.999358 -0.035826 0.000000 0.053886 
0.035826 0.999358 0.000000 0.000000 
0.000000 0.000000 1.000000 0.000000 
0.000000 0.000000 0.000000 1.000000 

0.998459 -0.055496 0.000000 0.053886 
0.055496 0.998459 0.000000 0.000000 
0.000000 0.000000 1.000000 0.000000 
0.000000 0.000000 0.000000 1.000000 

0.997221 -0.074498 0.000000 0.053886 
0.074498 0.997221 0.000000 0.000000 
0.000000 0.000000 1.000000 0.000000 
0.000000 0.000000 0.000000 1.000000 

0.995797 -0.091584 0.000000 0.053886 
0.091584 0.995797 0.000000 0.000000 
0.000000 0.000000 1.000000 0.000000 
0.000000 0.000000 0.000000 1.000000 

0.994420 -0.105492 0.000000 0.053886 
0.105492 0.994420 0.000000 0.000000 
0.000000 0.000000 1.000000 0.000000 
0.000000 0.000000 0.000000 1.000000 

0.993383 -0.114846 0.000000 0.053886 
0.114846 0.993383 0.000000 0.000000 
0.000000 0.000000 1.000000 0.000000 
0.000000 0.000000 0.000000 1.000000 

0.992965 -0.118408 0.000000 0.053886 
0.118408 0.992965 0.000000 0.000000 
0.000000 0.000000 1.000000 0.000000 
0.000000 0.000000 0.000000 1.000000 

0.993381 -0.114863 0.000000 0.053886 
0.114863 0.993381 0.000000 0.000000 
0.000000 0.000000 1.000000 0.000000 
0.000000 0.000000 0.000000 1.000000 

0.994690 -0.102918 0.000000 0.053886 
0.102918 0.994690 0.000000 0.000000 
0.000000 0.000000 1.000000 0.000000 
0.000000 0.000000 0.000000 1.000000 

0.996422 -0.084518 0.000000 0.053886 
0.084518 0.996422 0.000000 0.000000 
0.000000 0.000000 1.000000 0.000000 
0.000000 0.000000 0.000000 1.000000 

0.997963 -0.063803 0.000000 0.053886 
0.063803 0.997963 0.000000 0.000000 
0.000000 0.000000 1.000000 0.000000 
0.000000 0.000000 0.000000 1.000000 

0.999077 -0.042960 0.000000 0.053886 
0.042960 0.999077 0.000000 0.000000 
0.000000 0.000000 1.000000 0.000000 
0.000000 0.000000 0.000000 1.000000 

0.999712 -0.024001 0.000000 0.053886 
0.024001 0.999712 0.000000 0.000000 
0.000000 0.000000 1.000000 0.000000 
0.000000 0.000000 0.000000 1.000000 

0.999960 -0.008961 0.000000 0.053886 
0.008961 0.999960 0.000000 0.000000 
0.000000 0.000000 1.000000 0.000000 
0.000000 0.000000 0.000000 1.000000 

1.000000 -0.000005 0.000000 0.053886 
0.000005 1.000000 0.000000 0.000000 
0.000000 0.000000 1.000000 0.000000 
0.000000 0.000000 0.000000 1.000000</float_array>
        <technique_common>
          <accessor count="32" source="#_32a38bd89e1d4804f8fddd2188c41b18_walk_2-output-array" stride="16">
            <param name="TRANSFORM" type="float4x4" />
          </accessor>
        </technique_common>
      </source>
      <source id="_32a38bd89e1d4804f8fddd2188c41b18_walk_2-interpolation">
        <Name_array id="_32a38bd89e1d4804f8fddd2188c41b18_walk_2-interpolation-array" count="32">LINEAR LINEAR LINEAR LINEAR LINEAR LINEAR LINEAR LINEAR LINEAR LINEAR LINEAR LINEAR LINEAR LINEAR LINEAR LINEAR LINEAR LINEAR LINEAR LINEAR LINEAR LINEAR LINEAR LINEAR LINEAR LINEAR LINEAR LINEAR LINEAR LINEAR LINEAR LINEAR </Name_array>
        <technique_common>
          <accessor count="32" source="#_32a38bd89e1d4804f8fddd2188c41b18_walk_2-interpolation-array">
            <param name="INTERPOLATION" type="name" />
          </accessor>
        </technique_common>
      </source>
      <sampler id="_32a38bd89e1d4804f8fddd2188c41b18_walk_2-sampler">
        <input semantic="INPUT" source="#_32a38bd89e1d4804f8fddd2188c41b18_walk_2-input" />
        <input semantic="OUTPUT" source="#_32a38bd89e1d4804f8fddd2188c41b18_walk_2-output" />
        <input semantic="INTERPOLATION" source="#_32a38bd89e1d4804f8fddd2188c41b18_walk_2-interpolation" />
      </sampler>
      <channel source="#_32a38bd89e1d4804f8fddd2188c41b18_walk_2-sampler" target="_-80310/matrix" />
    </animation>
    <animation id="_32a38bd89e1d4804f8fddd2188c41b18_walk_3">
      <source id="_32a38bd89e1d4804f8fddd2188c41b18_walk_3-input">
        <float_array id="_32a38bd89e1d4804f8fddd2188c41b18_walk_3-input-array" count="32">0.000000 0.033300 0.066600 0.100000 0.133300 0.166600 0.200000 0.233300 0.266600 0.300000 0.333300 0.366600 0.400000 0.433300 0.466600 0.500000 0.533300 0.566600 0.600000 0.633300 0.666600 0.700000 0.733300 0.766600 0.800000 0.833300 0.866600 0.900000 0.933300 0.966600 1.000000 1.033300</float_array>
        <technique_common>
          <accessor count="32" source="#_32a38bd89e1d4804f8fddd2188c41b18_walk_3-input-array">
            <param name="TIME" type="float" />
          </accessor>
        </technique_common>
      </source>
      <source id="_32a38bd89e1d4804f8fddd2188c41b18_walk_3-output">
        <float_array id="_32a38bd89e1d4804f8fddd2188c41b18_walk_3-output-array" count="512">

1.000000 0.000000 0.000000 0.058762 
0.000000 0.984808 -0.173648 0.000000 
0.000000 0.173648 0.984808 0.000000 
0.000000 0.000000 0.000000 1.000000 

0.999913 -0.000152 -0.013202 0.058762 
-0.002044 0.986092 -0.166190 0.000000 
0.013044 0.166202 0.986005 0.000000 
0.000000 0.000000 0.000000 1.000000 

0.999392 -0.000438 -0.034870 0.058762 
-0.004901 0.988234 -0.152869 0.000000 
0.034527 0.152947 0.987631 0.000000 
0.000000 0.000000 0.000000 1.000000 

0.998116 -0.000631 -0.061346 0.058762 
-0.007616 0.990939 -0.134099 0.000000 
0.060874 0.134314 0.989067 0.000000 
0.000000 0.000000 0.000000 1.000000 

0.996057 -0.000571 -0.088710 0.058762 
-0.009274 0.993829 -0.110531 0.000000 
0.088226 0.110918 0.989906 0.000000 
0.000000 0.000000 0.000000 1.000000 

0.993560 -0.000273 -0.113309 0.058762 
-0.009159 0.996531 -0.082718 0.000000 
0.112938 0.083224 0.990111 0.000000 
0.000000 0.000000 0.000000 1.000000 

0.991315 0.000000 -0.131510 0.058762 
-0.006791 0.998666 -0.051190 0.000000 
0.131334 0.051639 0.989992 0.000000 
0.000000 0.000000 0.000000 1.000000 

0.990454 0.000594 -0.137844 0.058762 
-0.003017 0.999845 -0.017369 0.000000 
0.137812 0.017619 0.990302 0.000000 
0.000000 0.000000 0.000000 1.000000 

0.991309 0.001647 -0.131545 0.058762 
0.000623 0.999852 0.017218 0.000000 
0.131554 -0.017150 0.991161 0.000000 
0.000000 0.000000 0.000000 1.000000 

0.993281 0.002510 -0.115697 0.058762 
0.003467 0.998670 0.051432 0.000000 
0.115672 -0.051488 0.991952 0.000000 
0.000000 0.000000 0.000000 1.000000 

0.995610 0.002783 -0.093559 0.058762 
0.005086 0.996472 0.083772 0.000000 
0.093462 -0.083880 0.992083 0.000000 
0.000000 0.000000 0.000000 1.000000 

0.997662 0.002373 -0.068297 0.058762 
0.005373 0.993579 0.113012 0.000000 
0.068127 -0.113115 0.991243 0.000000 
0.000000 0.000000 0.000000 1.000000 

0.999071 0.001465 -0.043073 0.058762 
0.004493 0.990435 0.137904 0.000000 
0.042863 -0.137970 0.989509 0.000000 
0.000000 0.000000 0.000000 1.000000 

0.999774 0.000487 -0.021273 0.058762 
0.002860 0.987590 0.157026 0.000000 
0.021085 -0.157051 0.987365 0.000000 
0.000000 0.000000 0.000000 1.000000 

0.999982 0.000000 -0.006021 0.058762 
0.001019 0.985573 0.169247 0.000000 
0.005935 -0.169250 0.985555 0.000000 
0.000000 0.000000 0.000000 1.000000 

0.999998 0.000143 -0.001960 0.058762 
0.000199 0.984870 0.173292 0.000000 
0.001955 -0.173292 0.984869 0.000000 
0.000000 0.000000 0.000000 1.000000 

0.999953 0.000664 -0.009642 0.058762 
0.000978 0.985559 0.169330 0.000000 
0.009615 -0.169331 0.985512 0.000000 
0.000000 0.000000 0.000000 1.000000 

0.999660 0.001393 -0.026042 0.058762 
0.002750 0.987379 0.158349 0.000000 
0.025934 -0.158367 0.987040 0.000000 
0.000000 0.000000 0.000000 1.000000 

0.998834 0.002038 -0.048236 0.058762 
0.004800 0.989965 0.141229 0.000000 
0.048040 -0.141296 0.988801 0.000000 
0.000000 0.000000 0.000000 1.000000 

0.997325 0.002322 -0.073063 0.058762 
0.006410 0.992868 0.119044 0.000000 
0.072819 -0.119194 0.990197 0.000000 
0.000000 0.000000 0.000000 1.000000 

0.995228 0.002093 -0.097555 0.058762 
0.007000 0.995663 0.092775 0.000000 
0.097326 -0.093015 0.990897 0.000000 
0.000000 0.000000 0.000000 1.000000 

0.992922 0.001395 -0.118757 0.058762 
0.006180 0.997969 0.063398 0.000000 
0.118604 -0.063684 0.990897 0.000000 
0.000000 0.000000 0.000000 1.000000 

0.991039 0.000519 -0.133576 0.058762 
0.003813 0.999475 0.032174 0.000000 
0.133522 -0.032395 0.990516 0.000000 
0.000000 0.000000 0.000000 1.000000 

0.990268 0.000000 -0.139173 0.058762 
0.000009 1.000000 0.000064 0.000000 
0.139173 -0.000065 0.990268 0.000000 
0.000000 0.000000 0.000000 1.000000 

0.990996 -0.000427 -0.133893 0.058762 
-0.003858 0.999489 -0.031742 0.000000 
0.133838 0.031973 0.990487 0.000000 
0.000000 0.000000 0.000000 1.000000 

0.992795 -0.001107 -0.119817 0.058762 
-0.006369 0.998056 -0.062000 0.000000 
0.119653 0.062317 0.990858 0.000000 
0.000000 0.000000 0.000000 1.000000 

0.995029 -0.001607 -0.099572 0.058762 
-0.007409 0.995904 -0.090110 0.000000 
0.099309 0.090400 0.990942 0.000000 
0.000000 0.000000 0.000000 1.000000 

0.997125 -0.001708 -0.075751 0.058762 
-0.007067 0.993292 -0.115415 0.000000 
0.075439 0.115619 0.990425 0.000000 
0.000000 0.000000 0.000000 1.000000 

0.998687 -0.001396 -0.051205 0.058762 
-0.005642 0.990549 -0.137041 0.000000 
0.050913 0.137150 0.989241 0.000000 
0.000000 0.000000 0.000000 1.000000 

0.999591 -0.000825 -0.028593 0.058762 
-0.003600 0.988006 -0.154376 0.000000 
0.028377 0.154416 0.987598 0.000000 
0.000000 0.000000 0.000000 1.000000 

0.999944 -0.000258 -0.010588 0.058762 
-0.001512 0.985988 -0.166807 0.000000 
0.010483 0.166813 0.985933 0.000000 
0.000000 0.000000 0.000000 1.000000 

1.000000 0.000000 -0.000006 0.058762 
-0.000001 0.984808 -0.173644 0.000000 
0.000006 0.173644 0.984808 0.000000 
0.000000 0.000000 0.000000 1.000000</float_array>
        <technique_common>
          <accessor count="32" source="#_32a38bd89e1d4804f8fddd2188c41b18_walk_3-output-array" stride="16">
            <param name="TRANSFORM" type="float4x4" />
          </accessor>
        </technique_common>
      </source>
      <source id="_32a38bd89e1d4804f8fddd2188c41b18_walk_3-interpolation">
        <Name_array id="_32a38bd89e1d4804f8fddd2188c41b18_walk_3-interpolation-array" count="32">LINEAR LINEAR LINEAR LINEAR LINEAR LINEAR LINEAR LINEAR LINEAR LINEAR LINEAR LINEAR LINEAR LINEAR LINEAR LINEAR LINEAR LINEAR LINEAR LINEAR LINEAR LINEAR LINEAR LINEAR LINEAR LINEAR LINEAR LINEAR LINEAR LINEAR LINEAR LINEAR </Name_array>
        <technique_common>
          <accessor count="32" source="#_32a38bd89e1d4804f8fddd2188c41b18_walk_3-interpolation-array">
            <param name="INTERPOLATION" type="name" />
          </accessor>
        </technique_common>
      </source>
      <sampler id="_32a38bd89e1d4804f8fddd2188c41b18_walk_3-sampler">
        <input semantic="INPUT" source="#_32a38bd89e1d4804f8fddd2188c41b18_walk_3-input" />
        <input semantic="OUTPUT" source="#_32a38bd89e1d4804f8fddd2188c41b18_walk_3-output" />
        <input semantic="INTERPOLATION" source="#_32a38bd89e1d4804f8fddd2188c41b18_walk_3-interpolation" />
      </sampler>
      <channel source="#_32a38bd89e1d4804f8fddd2188c41b18_walk_3-sampler" target="_-80352/matrix" />
    </animation>
    <animation id="_32a38bd89e1d4804f8fddd2188c41b18_walk_4">
      <source id="_32a38bd89e1d4804f8fddd2188c41b18_walk_4-input">
        <float_array id="_32a38bd89e1d4804f8fddd2188c41b18_walk_4-input-array" count="32">0.000000 0.033300 0.066600 0.100000 0.133300 0.166600 0.200000 0.233300 0.266600 0.300000 0.333300 0.366600 0.400000 0.433300 0.466600 0.500000 0.533300 0.566600 0.600000 0.633300 0.666600 0.700000 0.733300 0.766600 0.800000 0.833300 0.866600 0.900000 0.933300 0.966600 1.000000 1.033300</float_array>
        <technique_common>
          <accessor count="32" source="#_32a38bd89e1d4804f8fddd2188c41b18_walk_4-input-array">
            <param name="TIME" type="float" />
          </accessor>
        </technique_common>
      </source>
      <source id="_32a38bd89e1d4804f8fddd2188c41b18_walk_4-output">
        <float_array id="_32a38bd89e1d4804f8fddd2188c41b18_walk_4-output-array" count="512">

-0.697325 -0.589394 -0.407864 0.017578 
-0.673381 0.343766 0.654510 -0.114525 
-0.245554 0.731053 -0.636604 0.015585 
0.000000 0.000000 0.000000 1.000000 

-0.694939 -0.585448 -0.417504 0.017578 
-0.679019 0.343222 0.648947 -0.114525 
-0.236628 0.734472 -0.636049 0.015585 
0.000000 0.000000 0.000000 1.000000 

-0.691328 -0.578269 -0.433210 0.017578 
-0.687928 0.343435 0.639381 -0.114525 
-0.220954 0.740039 -0.635234 0.015585 
0.000000 0.000000 0.000000 1.000000 

-0.686292 -0.569238 -0.452739 0.017578 
-0.699044 0.344339 0.626713 -0.114525 
-0.200853 0.746592 -0.634239 0.015585 
0.000000 0.000000 0.000000 1.000000 

-0.679817 -0.559881 -0.473690 0.017578 
-0.711238 0.345797 0.612017 -0.114525 
-0.178856 0.752966 -0.633288 0.015585 
0.000000 0.000000 0.000000 1.000000 

-0.672075 -0.551708 -0.493896 0.017578 
-0.723576 0.347588 0.596339 -0.114525 
-0.157333 0.758156 -0.632808 0.015585 
0.000000 0.000000 0.000000 1.000000 

-0.663458 -0.546289 -0.511264 0.017578 
-0.735254 0.349391 0.580800 -0.114525 
-0.138653 0.761246 -0.633467 0.015585 
0.000000 0.000000 0.000000 1.000000 

-0.654620 -0.545248 -0.523619 0.017578 
-0.745495 0.350782 0.566735 -0.114525 
-0.125335 0.761352 -0.636109 0.015585 
0.000000 0.000000 0.000000 1.000000 

-0.646189 -0.550109 -0.528980 0.017578 
-0.753734 0.351318 0.555393 -0.114525 
-0.119686 0.757599 -0.641653 0.015585 
0.000000 0.000000 0.000000 1.000000 

-0.639989 -0.558796 -0.527410 0.017578 
-0.759022 0.352928 0.547109 -0.114525 
-0.119585 0.750459 -0.650008 0.015585 
0.000000 0.000000 0.000000 1.000000 

-0.637404 -0.567221 -0.521514 0.017578 
-0.761065 0.357696 0.541142 -0.114525 
-0.120404 0.741831 -0.659688 0.015585 
0.000000 0.000000 0.000000 1.000000 

-0.638227 -0.574027 -0.512991 0.017578 
-0.760309 0.365411 0.537035 -0.114525 
-0.120820 0.732781 -0.669653 0.015585 
0.000000 0.000000 0.000000 1.000000 

-0.642282 -0.577861 -0.503539 0.017578 
-0.757095 0.375882 0.534340 -0.114525 
-0.119503 0.724424 -0.678918 0.015585 
0.000000 0.000000 0.000000 1.000000 

-0.649338 -0.577370 -0.494979 0.017578 
-0.751739 0.388788 0.532665 -0.114525 
-0.115103 0.717974 -0.686487 0.015585 
0.000000 0.000000 0.000000 1.000000 

-0.655652 -0.575123 -0.489238 0.017578 
-0.746938 0.399230 0.531695 -0.114525 
-0.110471 0.714037 -0.691337 0.015585 
0.000000 0.000000 0.000000 1.000000 

-0.657778 -0.575017 -0.486501 0.017578 
-0.745167 0.402649 0.531602 -0.114525 
-0.109791 0.712200 -0.693337 0.015585 
0.000000 0.000000 0.000000 1.000000 

-0.655910 -0.577644 -0.485911 0.017578 
-0.746231 0.399269 0.532658 -0.114525 
-0.113678 0.711977 -0.692940 0.015585 
0.000000 0.000000 0.000000 1.000000 

-0.650200 -0.583483 -0.486607 0.017578 
-0.749778 0.389285 0.535061 -0.114525 
-0.122770 0.712744 -0.690596 0.015585 
0.000000 0.000000 0.000000 1.000000 

-0.644639 -0.588116 -0.488426 0.017578 
-0.752963 0.377927 0.538719 -0.114525 
-0.132240 0.715046 -0.686456 0.015585 
0.000000 0.000000 0.000000 1.000000 

-0.642745 -0.587341 -0.491843 0.017578 
-0.753723 0.369982 0.543153 -0.114525 
-0.137043 0.719822 -0.680496 0.015585 
0.000000 0.000000 0.000000 1.000000 

-0.643683 -0.581950 -0.496997 0.017578 
-0.752802 0.364634 0.548025 -0.114525 
-0.137701 0.726895 -0.672802 0.015585 
0.000000 0.000000 0.000000 1.000000 

-0.646576 -0.572617 -0.504033 0.017578 
-0.750868 0.361072 0.553014 -0.114525 
-0.134673 0.736028 -0.663420 0.015585 
0.000000 0.000000 0.000000 1.000000 

-0.650477 -0.560071 -0.513030 0.017578 
-0.748585 0.358514 0.557753 -0.114525 
-0.128453 0.746852 -0.652466 0.015585 
0.000000 0.000000 0.000000 1.000000 

-0.654076 -0.548798 -0.520582 0.017578 
-0.746117 0.354819 0.563394 -0.114525 
-0.124477 0.756917 -0.641546 0.015585 
0.000000 0.000000 0.000000 1.000000 

-0.657368 -0.542618 -0.522909 0.017578 
-0.742733 0.349276 0.571275 -0.114525 
-0.127344 0.763919 -0.632623 0.015585 
0.000000 0.000000 0.000000 1.000000 

-0.661222 -0.541146 -0.519564 0.017578 
-0.737727 0.343327 0.581279 -0.114525 
-0.136177 0.767651 -0.626233 0.015585 
0.000000 0.000000 0.000000 1.000000 

-0.666381 -0.543869 -0.510041 0.017578 
-0.730345 0.338410 0.593359 -0.114525 
-0.150107 0.767910 -0.622722 0.015585 
0.000000 0.000000 0.000000 1.000000 

-0.673462 -0.550232 -0.493653 0.017578 
-0.719797 0.336027 0.607436 -0.114525 
-0.168350 0.764415 -0.622357 0.015585 
0.000000 0.000000 0.000000 1.000000 

-0.681365 -0.558928 -0.472590 0.017578 
-0.707227 0.336361 0.621846 -0.114525 
-0.188606 0.757932 -0.624473 0.015585 
0.000000 0.000000 0.000000 1.000000 

-0.688307 -0.568728 -0.450313 0.017578 
-0.694734 0.338168 0.634813 -0.114525 
-0.208754 0.749794 -0.627878 0.015585 
0.000000 0.000000 0.000000 1.000000 

-0.693772 -0.579075 -0.428198 0.017578 
-0.683136 0.340859 0.645863 -0.114525 
-0.228048 0.740600 -0.632066 0.015585 
0.000000 0.000000 0.000000 1.000000 

-0.697322 -0.589384 -0.407883 0.017578 
-0.673389 0.343764 0.654502 -0.114525 
-0.245538 0.731063 -0.636599 0.015585 
0.000000 0.000000 0.000000 1.000000</float_array>
        <technique_common>
          <accessor count="32" source="#_32a38bd89e1d4804f8fddd2188c41b18_walk_4-output-array" stride="16">
            <param name="TRANSFORM" type="float4x4" />
          </accessor>
        </technique_common>
      </source>
      <source id="_32a38bd89e1d4804f8fddd2188c41b18_walk_4-interpolation">
        <Name_array id="_32a38bd89e1d4804f8fddd2188c41b18_walk_4-interpolation-array" count="32">LINEAR LINEAR LINEAR LINEAR LINEAR LINEAR LINEAR LINEAR LINEAR LINEAR LINEAR LINEAR LINEAR LINEAR LINEAR LINEAR LINEAR LINEAR LINEAR LINEAR LINEAR LINEAR LINEAR LINEAR LINEAR LINEAR LINEAR LINEAR LINEAR LINEAR LINEAR LINEAR </Name_array>
        <technique_common>
          <accessor count="32" source="#_32a38bd89e1d4804f8fddd2188c41b18_walk_4-interpolation-array">
            <param name="INTERPOLATION" type="name" />
          </accessor>
        </technique_common>
      </source>
      <sampler id="_32a38bd89e1d4804f8fddd2188c41b18_walk_4-sampler">
        <input semantic="INPUT" source="#_32a38bd89e1d4804f8fddd2188c41b18_walk_4-input" />
        <input semantic="OUTPUT" source="#_32a38bd89e1d4804f8fddd2188c41b18_walk_4-output" />
        <input semantic="INTERPOLATION" source="#_32a38bd89e1d4804f8fddd2188c41b18_walk_4-interpolation" />
      </sampler>
      <channel source="#_32a38bd89e1d4804f8fddd2188c41b18_walk_4-sampler" target="_-80362/matrix" />
    </animation>
    <animation id="_32a38bd89e1d4804f8fddd2188c41b18_walk_5">
      <source id="_32a38bd89e1d4804f8fddd2188c41b18_walk_5-input">
        <float_array id="_32a38bd89e1d4804f8fddd2188c41b18_walk_5-input-array" count="32">0.000000 0.033300 0.066600 0.100000 0.133300 0.166600 0.200000 0.233300 0.266600 0.300000 0.333300 0.366600 0.400000 0.433300 0.466600 0.500000 0.533300 0.566600 0.600000 0.633300 0.666600 0.700000 0.733300 0.766600 0.800000 0.833300 0.866600 0.900000 0.933300 0.966600 1.000000 1.033300</float_array>
        <technique_common>
          <accessor count="32" source="#_32a38bd89e1d4804f8fddd2188c41b18_walk_5-input-array">
            <param name="TIME" type="float" />
          </accessor>
        </technique_common>
      </source>
      <source id="_32a38bd89e1d4804f8fddd2188c41b18_walk_5-output">
        <float_array id="_32a38bd89e1d4804f8fddd2188c41b18_walk_5-output-array" count="512">

0.573297 -0.819348 0.000000 0.062397 
0.819348 0.573297 0.000000 0.000000 
0.000000 0.000000 1.000000 0.000000 
0.000000 0.000000 0.000000 1.000000 

0.579704 -0.814827 0.000000 0.062397 
0.814827 0.579704 0.000000 0.000000 
0.000000 0.000000 1.000000 0.000000 
0.000000 0.000000 0.000000 1.000000 

0.590592 -0.806971 0.000000 0.062397 
0.806971 0.590592 0.000000 0.000000 
0.000000 0.000000 1.000000 0.000000 
0.000000 0.000000 0.000000 1.000000 

0.604207 -0.796827 0.000000 0.062397 
0.796827 0.604207 0.000000 0.000000 
0.000000 0.000000 1.000000 0.000000 
0.000000 0.000000 0.000000 1.000000 

0.618717 -0.785614 0.000000 0.062397 
0.785614 0.618717 0.000000 0.000000 
0.000000 0.000000 1.000000 0.000000 
0.000000 0.000000 0.000000 1.000000 

0.632492 -0.774567 0.000000 0.062397 
0.774567 0.632492 0.000000 0.000000 
0.000000 0.000000 1.000000 0.000000 
0.000000 0.000000 0.000000 1.000000 

0.642292 -0.766460 0.000000 0.062397 
0.766460 0.642292 0.000000 0.000000 
0.000000 0.000000 1.000000 0.000000 
0.000000 0.000000 0.000000 1.000000 

0.640245 -0.768171 0.000000 0.062397 
0.768171 0.640245 0.000000 0.000000 
0.000000 0.000000 1.000000 0.000000 
0.000000 0.000000 0.000000 1.000000 

0.617560 -0.786524 0.000000 0.062397 
0.786524 0.617560 0.000000 0.000000 
0.000000 0.000000 1.000000 0.000000 
0.000000 0.000000 0.000000 1.000000 

0.571337 -0.820716 0.000000 0.062397 
0.820716 0.571337 0.000000 0.000000 
0.000000 0.000000 1.000000 0.000000 
0.000000 0.000000 0.000000 1.000000 

0.511486 -0.859291 0.000000 0.062397 
0.859291 0.511486 0.000000 0.000000 
0.000000 0.000000 1.000000 0.000000 
0.000000 0.000000 0.000000 1.000000 

0.447903 -0.894082 0.000000 0.062397 
0.894082 0.447903 0.000000 0.000000 
0.000000 0.000000 1.000000 0.000000 
0.000000 0.000000 0.000000 1.000000 

0.392238 -0.919864 0.000000 0.062397 
0.919864 0.392238 0.000000 0.000000 
0.000000 0.000000 1.000000 0.000000 
0.000000 0.000000 0.000000 1.000000 

0.352420 -0.935842 0.000000 0.062397 
0.935842 0.352420 0.000000 0.000000 
0.000000 0.000000 1.000000 0.000000 
0.000000 0.000000 0.000000 1.000000 

0.328155 -0.944624 0.000000 0.062397 
0.944624 0.328155 0.000000 0.000000 
0.000000 0.000000 1.000000 0.000000 
0.000000 0.000000 0.000000 1.000000 

0.320264 -0.947328 0.000000 0.062397 
0.947328 0.320264 0.000000 0.000000 
0.000000 0.000000 1.000000 0.000000 
0.000000 0.000000 0.000000 1.000000 

0.329291 -0.944228 0.000000 0.062397 
0.944228 0.329291 0.000000 0.000000 
0.000000 0.000000 1.000000 0.000000 
0.000000 0.000000 0.000000 1.000000 

0.355399 -0.934715 0.000000 0.062397 
0.934715 0.355399 0.000000 0.000000 
0.000000 0.000000 1.000000 0.000000 
0.000000 0.000000 0.000000 1.000000 

0.398576 -0.917135 0.000000 0.062397 
0.917135 0.398576 0.000000 0.000000 
0.000000 0.000000 1.000000 0.000000 
0.000000 0.000000 0.000000 1.000000 

0.459041 -0.888415 0.000000 0.062397 
0.888415 0.459041 0.000000 0.000000 
0.000000 0.000000 1.000000 0.000000 
0.000000 0.000000 0.000000 1.000000 

0.527070 -0.849822 0.000000 0.062397 
0.849822 0.527070 0.000000 0.000000 
0.000000 0.000000 1.000000 0.000000 
0.000000 0.000000 0.000000 1.000000 

0.588094 -0.808793 0.000000 0.062397 
0.808793 0.588094 0.000000 0.000000 
0.000000 0.000000 1.000000 0.000000 
0.000000 0.000000 0.000000 1.000000 

0.629493 -0.777006 0.000000 0.062397 
0.777006 0.629493 0.000000 0.000000 
0.000000 0.000000 1.000000 0.000000 
0.000000 0.000000 0.000000 1.000000 

0.643444 -0.765493 0.000000 0.062397 
0.765493 0.643444 0.000000 0.000000 
0.000000 0.000000 1.000000 0.000000 
0.000000 0.000000 0.000000 1.000000 

0.639533 -0.768764 0.000000 0.062397 
0.768764 0.639533 0.000000 0.000000 
0.000000 0.000000 1.000000 0.000000 
0.000000 0.000000 0.000000 1.000000 

0.633107 -0.774064 0.000000 0.062397 
0.774064 0.633107 0.000000 0.000000 
0.000000 0.000000 1.000000 0.000000 
0.000000 0.000000 0.000000 1.000000 

0.630637 -0.776078 0.000000 0.062397 
0.776078 0.630637 0.000000 0.000000 
0.000000 0.000000 1.000000 0.000000 
0.000000 0.000000 0.000000 1.000000 

0.627302 -0.778776 0.000000 0.062397 
0.778776 0.627302 0.000000 0.000000 
0.000000 0.000000 1.000000 0.000000 
0.000000 0.000000 0.000000 1.000000 

0.621569 -0.783359 0.000000 0.062397 
0.783359 0.621569 0.000000 0.000000 
0.000000 0.000000 1.000000 0.000000 
0.000000 0.000000 0.000000 1.000000 

0.611831 -0.790989 0.000000 0.062397 
0.790989 0.611831 0.000000 0.000000 
0.000000 0.000000 1.000000 0.000000 
0.000000 0.000000 0.000000 1.000000 

0.596338 -0.802734 0.000000 0.062397 
0.802734 0.596338 0.000000 0.000000 
0.000000 0.000000 1.000000 0.000000 
0.000000 0.000000 0.000000 1.000000 

0.573325 -0.819328 0.000000 0.062397 
0.819328 0.573325 0.000000 0.000000 
0.000000 0.000000 1.000000 0.000000 
0.000000 0.000000 0.000000 1.000000</float_array>
        <technique_common>
          <accessor count="32" source="#_32a38bd89e1d4804f8fddd2188c41b18_walk_5-output-array" stride="16">
            <param name="TRANSFORM" type="float4x4" />
          </accessor>
        </technique_common>
      </source>
      <source id="_32a38bd89e1d4804f8fddd2188c41b18_walk_5-interpolation">
        <Name_array id="_32a38bd89e1d4804f8fddd2188c41b18_walk_5-interpolation-array" count="32">LINEAR LINEAR LINEAR LINEAR LINEAR LINEAR LINEAR LINEAR LINEAR LINEAR LINEAR LINEAR LINEAR LINEAR LINEAR LINEAR LINEAR LINEAR LINEAR LINEAR LINEAR LINEAR LINEAR LINEAR LINEAR LINEAR LINEAR LINEAR LINEAR LINEAR LINEAR LINEAR </Name_array>
        <technique_common>
          <accessor count="32" source="#_32a38bd89e1d4804f8fddd2188c41b18_walk_5-interpolation-array">
            <param name="INTERPOLATION" type="name" />
          </accessor>
        </technique_common>
      </source>
      <sampler id="_32a38bd89e1d4804f8fddd2188c41b18_walk_5-sampler">
        <input semantic="INPUT" source="#_32a38bd89e1d4804f8fddd2188c41b18_walk_5-input" />
        <input semantic="OUTPUT" source="#_32a38bd89e1d4804f8fddd2188c41b18_walk_5-output" />
        <input semantic="INTERPOLATION" source="#_32a38bd89e1d4804f8fddd2188c41b18_walk_5-interpolation" />
      </sampler>
      <channel source="#_32a38bd89e1d4804f8fddd2188c41b18_walk_5-sampler" target="_-80376/matrix" />
    </animation>
    <animation id="_32a38bd89e1d4804f8fddd2188c41b18_walk_6">
      <source id="_32a38bd89e1d4804f8fddd2188c41b18_walk_6-input">
        <float_array id="_32a38bd89e1d4804f8fddd2188c41b18_walk_6-input-array" count="32">0.000000 0.033300 0.066600 0.100000 0.133300 0.166600 0.200000 0.233300 0.266600 0.300000 0.333300 0.366600 0.400000 0.433300 0.466600 0.500000 0.533300 0.566600 0.600000 0.633300 0.666600 0.700000 0.733300 0.766600 0.800000 0.833300 0.866600 0.900000 0.933300 0.966600 1.000000 1.033300</float_array>
        <technique_common>
          <accessor count="32" source="#_32a38bd89e1d4804f8fddd2188c41b18_walk_6-input-array">
            <param name="TIME" type="float" />
          </accessor>
        </technique_common>
      </source>
      <source id="_32a38bd89e1d4804f8fddd2188c41b18_walk_6-output">
