<?xml version="1.0" encoding="utf-8"?>
<COLLADA xmlns:xsi="http://www.w3.org/2001/XMLSchema-instance" xmlns:xsd="http://www.w3.org/2001/XMLSchema" version="1.4.1" xmlns="http://www.collada.org/2005/11/COLLADASchema">
  <asset>
    <contributor>
      <author />
      <authoring_tool>Unity3D 2017.3.1p4 - COLLADA exporter v1.6.4</authoring_tool>
      <comments />
      <copyright />
      <source_data>DemoScene.unity</source_data>
    </contributor>
    <created>2018-03-22T16:52:50.370867-03:00</created>
    <modified>2018-03-22T16:52:50.370868-03:00</modified>
    <unit meter="1" name="meter" />
    <up_axis>Y_UP</up_axis>
  </asset>
  <library_animations>
    <animation id="_77d7842e2139f594bb31c3c63d1ad4b4_walk_0">
      <source id="_77d7842e2139f594bb31c3c63d1ad4b4_walk_0-input">
        <float_array id="_77d7842e2139f594bb31c3c63d1ad4b4_walk_0-input-array" count="11">0.000000 0.050000 0.100000 0.349900 0.566600 0.633300 0.683300 0.866600 0.983300 1.149900 1.166600</float_array>
        <technique_common>
          <accessor count="11" source="#_77d7842e2139f594bb31c3c63d1ad4b4_walk_0-input-array">
            <param name="TIME" type="float" />
          </accessor>
        </technique_common>
      </source>
      <source id="_77d7842e2139f594bb31c3c63d1ad4b4_walk_0-output">
        <float_array id="_77d7842e2139f594bb31c3c63d1ad4b4_walk_0-output-array" count="176">

0.000013 9.999999 0.000000 0.000000 
0.000000 0.000000 10.000000 0.258814 
9.999999 -0.000014 0.000000 -0.003742 
0.000000 0.000000 0.000000 1.000000 

0.000013 9.999999 0.000000 0.000000 
0.000000 0.000000 10.000000 0.247776 
9.999999 -0.000014 0.000000 0.001910 
0.000000 0.000000 0.000000 1.000000 

0.000013 9.999999 0.000000 0.000000 
0.000000 0.000000 10.000000 0.244999 
9.999999 -0.000014 0.000000 0.012457 
0.000000 0.000000 0.000000 1.000000 

0.000013 9.999999 0.000000 0.000000 
0.000000 0.000000 10.000000 0.284125 
9.999999 -0.000014 0.000000 0.009119 
0.000000 0.000000 0.000000 1.000000 

0.000013 9.999999 0.000000 0.000000 
0.000000 0.000000 10.000000 0.256844 
9.999999 -0.000014 0.000000 -0.003639 
0.000000 0.000000 0.000000 1.000000 

0.000013 9.999999 0.000000 0.000000 
0.000000 0.000000 10.000000 0.248013 
9.999999 -0.000014 0.000000 0.001904 
0.000000 0.000000 0.000000 1.000000 

0.000013 9.999999 0.000000 0.000000 
0.000000 0.000000 10.000000 0.245987 
9.999999 -0.000014 0.000000 0.012451 
0.000000 0.000000 0.000000 1.000000 

0.000013 9.999999 0.000000 0.000000 
0.000000 0.000000 10.000000 0.278743 
9.999999 -0.000014 0.000000 0.018730 
0.000000 0.000000 0.000000 1.000000 

0.000013 9.999999 0.000000 0.000000 
0.000000 0.000000 10.000000 0.286713 
9.999999 -0.000014 0.000000 0.004332 
0.000000 0.000000 0.000000 1.000000 

0.000013 9.999999 0.000000 0.000000 
0.000000 0.000000 10.000000 0.264008 
9.999999 -0.000014 0.000000 -0.003666 
0.000000 0.000000 0.000000 1.000000 

0.000013 9.999999 0.000000 0.000000 
0.000000 0.000000 10.000000 0.258835 
9.999999 -0.000014 0.000000 -0.003742 
0.000000 0.000000 0.000000 1.000000</float_array>
        <technique_common>
          <accessor count="11" source="#_77d7842e2139f594bb31c3c63d1ad4b4_walk_0-output-array" stride="16">
            <param name="TRANSFORM" type="float4x4" />
          </accessor>
        </technique_common>
      </source>
      <source id="_77d7842e2139f594bb31c3c63d1ad4b4_walk_0-interpolation">
        <Name_array id="_77d7842e2139f594bb31c3c63d1ad4b4_walk_0-interpolation-array" count="25">LINEAR LINEAR LINEAR LINEAR LINEAR LINEAR LINEAR LINEAR LINEAR LINEAR LINEAR LINEAR LINEAR LINEAR LINEAR LINEAR LINEAR LINEAR LINEAR LINEAR LINEAR LINEAR LINEAR LINEAR LINEAR </Name_array>
        <technique_common>
          <accessor count="25" source="#_77d7842e2139f594bb31c3c63d1ad4b4_walk_0-interpolation-array">
            <param name="INTERPOLATION" type="name" />
          </accessor>
        </technique_common>
      </source>
      <sampler id="_77d7842e2139f594bb31c3c63d1ad4b4_walk_0-sampler">
        <input semantic="INPUT" source="#_77d7842e2139f594bb31c3c63d1ad4b4_walk_0-input" />
        <input semantic="OUTPUT" source="#_77d7842e2139f594bb31c3c63d1ad4b4_walk_0-output" />
        <input semantic="INTERPOLATION" source="#_77d7842e2139f594bb31c3c63d1ad4b4_walk_0-interpolation" />
      </sampler>
      <channel source="#_77d7842e2139f594bb31c3c63d1ad4b4_walk_0-sampler" target="_10584/matrix" />
    </animation>
    <animation id="_77d7842e2139f594bb31c3c63d1ad4b4_walk_1">
      <source id="_77d7842e2139f594bb31c3c63d1ad4b4_walk_1-input">
        <float_array id="_77d7842e2139f594bb31c3c63d1ad4b4_walk_1-input-array" count="7">0.000000 0.300000 0.433300 0.566600 0.683300 1.016600 1.166600</float_array>
        <technique_common>
          <accessor count="7" source="#_77d7842e2139f594bb31c3c63d1ad4b4_walk_1-input-array">
            <param name="TIME" type="float" />
          </accessor>
        </technique_common>
      </source>
      <source id="_77d7842e2139f594bb31c3c63d1ad4b4_walk_1-output">
        <float_array id="_77d7842e2139f594bb31c3c63d1ad4b4_walk_1-output-array" count="112">

0.017731 0.967220 -0.253319 0.000000 
-0.034390 0.253799 0.966645 0.000000 
0.999251 -0.008428 0.037763 0.000000 
0.000000 0.000000 0.000000 1.000000 

-0.000554 0.995769 0.091890 0.000000 
-0.135906 -0.091112 0.986523 0.000000 
0.990722 -0.011942 0.135382 0.000000 
0.000000 0.000000 0.000000 1.000000 

-0.016682 0.961475 0.274387 0.000000 
-0.145022 -0.273850 0.950776 0.000000 
0.989288 -0.023931 0.144003 0.000000 
0.000000 0.000000 0.000000 1.000000 

0.026171 0.939110 0.342619 0.000000 
0.071701 -0.343617 0.936369 0.000000 
0.997083 0.000060 -0.076328 0.000000 
0.000000 0.000000 0.000000 1.000000 

0.034266 0.966648 0.253807 0.000000 
0.090706 -0.255917 0.962434 0.000000 
0.995288 -0.009957 -0.096450 0.000000 
0.000000 0.000000 0.000000 1.000000 

0.041871 0.992403 -0.115683 0.000000 
0.006189 0.115525 0.993285 0.000000 
0.999104 -0.042306 -0.001305 0.000000 
0.000000 0.000000 0.000000 1.000000 

0.017734 0.967223 -0.253307 0.000000 
-0.034386 0.253787 0.966649 0.000000 
0.999251 -0.008433 0.037759 0.000000 
0.000000 0.000000 0.000000 1.000000</float_array>
        <technique_common>
          <accessor count="7" source="#_77d7842e2139f594bb31c3c63d1ad4b4_walk_1-output-array" stride="16">
            <param name="TRANSFORM" type="float4x4" />
          </accessor>
        </technique_common>
      </source>
      <source id="_77d7842e2139f594bb31c3c63d1ad4b4_walk_1-interpolation">
        <Name_array id="_77d7842e2139f594bb31c3c63d1ad4b4_walk_1-interpolation-array" count="7">LINEAR LINEAR LINEAR LINEAR LINEAR LINEAR LINEAR </Name_array>
        <technique_common>
          <accessor count="7" source="#_77d7842e2139f594bb31c3c63d1ad4b4_walk_1-interpolation-array">
            <param name="INTERPOLATION" type="name" />
          </accessor>
        </technique_common>
      </source>
      <sampler id="_77d7842e2139f594bb31c3c63d1ad4b4_walk_1-sampler">
        <input semantic="INPUT" source="#_77d7842e2139f594bb31c3c63d1ad4b4_walk_1-input" />
        <input semantic="OUTPUT" source="#_77d7842e2139f594bb31c3c63d1ad4b4_walk_1-output" />
        <input semantic="INTERPOLATION" source="#_77d7842e2139f594bb31c3c63d1ad4b4_walk_1-interpolation" />
      </sampler>
      <channel source="#_77d7842e2139f594bb31c3c63d1ad4b4_walk_1-sampler" target="_10596/matrix" />
    </animation>
    <animation id="_77d7842e2139f594bb31c3c63d1ad4b4_walk_2">
      <source id="_77d7842e2139f594bb31c3c63d1ad4b4_walk_2-input">
        <float_array id="_77d7842e2139f594bb31c3c63d1ad4b4_walk_2-input-array" count="19">0.000000 0.033300 0.083300 0.133300 0.200000 0.333300 0.400000 0.466600 0.566600 0.616600 0.700000 0.766600 0.866600 0.883300 0.900000 0.916600 1.050000 1.150000 1.166600</float_array>
        <technique_common>
          <accessor count="19" source="#_77d7842e2139f594bb31c3c63d1ad4b4_walk_2-input-array">
            <param name="TIME" type="float" />
          </accessor>
        </technique_common>
      </source>
      <source id="_77d7842e2139f594bb31c3c63d1ad4b4_walk_2-output">
        <float_array id="_77d7842e2139f594bb31c3c63d1ad4b4_walk_2-output-array" count="304">

-0.966576 -0.194829 0.166651 0.000000 
-0.224019 0.957928 -0.179414 0.000000 
-0.124685 -0.210750 -0.969556 0.006582 
0.000000 0.000000 0.000000 1.000000 

-0.949116 -0.256858 0.182217 0.000000 
-0.285697 0.945696 -0.155034 0.000000 
-0.132500 -0.199204 -0.970959 0.006582 
0.000000 0.000000 0.000000 1.000000 

-0.962016 -0.221781 0.159178 0.000000 
-0.243077 0.961295 -0.129711 0.000000 
-0.124250 -0.163477 -0.978692 0.006582 
0.000000 0.000000 0.000000 1.000000 

-0.943701 -0.289203 0.160591 0.000000 
-0.304138 0.949482 -0.077353 0.000000 
-0.130108 -0.121840 -0.983986 0.006582 
0.000000 0.000000 0.000000 1.000000 

-0.973432 -0.114992 0.198007 0.000000 
-0.112537 0.993366 0.023647 0.000000 
-0.199413 0.000736 -0.979916 0.006582 
0.000000 0.000000 0.000000 1.000000 

-0.803761 0.507433 0.310612 0.000000 
0.576526 0.793219 0.196012 0.000000 
-0.146921 0.336622 -0.930108 0.006582 
0.000000 0.000000 0.000000 1.000000 

-0.566964 0.769258 0.294608 0.000000 
0.823739 0.530591 0.199820 0.000000 
-0.002604 0.355971 -0.934494 0.006582 
0.000000 0.000000 0.000000 1.000000 

-0.544752 0.806998 0.228034 0.000000 
0.835124 0.497330 0.235012 0.000000 
0.076246 0.318460 -0.944865 0.006582 
0.000000 0.000000 0.000000 1.000000 

-0.677467 0.732393 0.068115 0.000000 
0.719995 0.641342 0.265119 0.000000 
0.150486 0.228652 -0.961807 0.006582 
0.000000 0.000000 0.000000 1.000000 

-0.728784 0.682935 0.049749 0.000000 
0.672564 0.700285 0.239286 0.000000 
0.128579 0.207847 -0.969674 0.006582 
0.000000 0.000000 0.000000 1.000000 

-0.684694 0.727658 0.041328 0.000000 
0.720623 0.667407 0.187805 0.000000 
0.109075 0.158371 -0.981337 0.006582 
0.000000 0.000000 0.000000 1.000000 

-0.767937 0.637897 0.057966 0.000000 
0.638992 0.756697 0.138200 0.000000 
0.044295 0.143169 -0.988707 0.006582 
0.000000 0.000000 0.000000 1.000000 

-0.988317 0.130273 0.079116 0.000000 
0.135244 0.988927 0.061091 0.000000 
-0.070282 0.071077 -0.994992 0.006582 
0.000000 0.000000 0.000000 1.000000 

-0.996319 0.017296 0.083965 0.000000 
0.021207 0.998721 0.045909 0.000000 
-0.083063 0.047520 -0.995411 0.006582 
0.000000 0.000000 0.000000 1.000000 

-0.992384 -0.084969 0.089186 0.000000 
-0.082569 0.996126 0.030271 0.000000 
-0.091413 0.022677 -0.995555 0.006582 
0.000000 0.000000 0.000000 1.000000 

-0.992812 -0.073344 0.094580 0.000000 
-0.072271 0.997276 0.014729 0.000000 
-0.095402 0.007788 -0.995409 0.006582 
0.000000 0.000000 0.000000 1.000000 

-0.988954 -0.074006 0.128423 0.000000 
-0.088007 0.990355 -0.107012 0.000000 
-0.119265 -0.117132 -0.985929 0.006582 
0.000000 0.000000 0.000000 1.000000 

-0.973722 -0.162258 0.159805 0.000000 
-0.190697 0.964509 -0.182640 0.000000 
-0.124499 -0.208315 -0.970106 0.006582 
0.000000 0.000000 0.000000 1.000000 

-0.967318 -0.193202 0.164223 0.000000 
-0.222044 0.958152 -0.180671 0.000000 
-0.122445 -0.211231 -0.969737 0.006582 
0.000000 0.000000 0.000000 1.000000</float_array>
        <technique_common>
          <accessor count="19" source="#_77d7842e2139f594bb31c3c63d1ad4b4_walk_2-output-array" stride="16">
            <param name="TRANSFORM" type="float4x4" />
          </accessor>
        </technique_common>
      </source>
      <source id="_77d7842e2139f594bb31c3c63d1ad4b4_walk_2-interpolation">
        <Name_array id="_77d7842e2139f594bb31c3c63d1ad4b4_walk_2-interpolation-array" count="19">LINEAR LINEAR LINEAR LINEAR LINEAR LINEAR LINEAR LINEAR LINEAR LINEAR LINEAR LINEAR LINEAR LINEAR LINEAR LINEAR LINEAR LINEAR LINEAR </Name_array>
        <technique_common>
          <accessor count="19" source="#_77d7842e2139f594bb31c3c63d1ad4b4_walk_2-interpolation-array">
            <param name="INTERPOLATION" type="name" />
          </accessor>
        </technique_common>
      </source>
      <sampler id="_77d7842e2139f594bb31c3c63d1ad4b4_walk_2-sampler">
        <input semantic="INPUT" source="#_77d7842e2139f594bb31c3c63d1ad4b4_walk_2-input" />
        <input semantic="OUTPUT" source="#_77d7842e2139f594bb31c3c63d1ad4b4_walk_2-output" />
        <input semantic="INTERPOLATION" source="#_77d7842e2139f594bb31c3c63d1ad4b4_walk_2-interpolation" />
      </sampler>
      <channel source="#_77d7842e2139f594bb31c3c63d1ad4b4_walk_2-sampler" target="_10552/matrix" />
    </animation>
    <animation id="_77d7842e2139f594bb31c3c63d1ad4b4_walk_3">
      <source id="_77d7842e2139f594bb31c3c63d1ad4b4_walk_3-input">
        <float_array id="_77d7842e2139f594bb31c3c63d1ad4b4_walk_3-input-array" count="22">0.000000 0.033300 0.050000 0.083300 0.133300 0.183300 0.266600 0.350000 0.416600 0.466600 0.533300 0.583300 0.616600 0.666600 0.750000 0.833300 0.883300 0.900000 0.916600 0.950000 1.050000 1.166600</float_array>
        <technique_common>
          <accessor count="22" source="#_77d7842e2139f594bb31c3c63d1ad4b4_walk_3-input-array">
            <param name="TIME" type="float" />
          </accessor>
        </technique_common>
      </source>
      <source id="_77d7842e2139f594bb31c3c63d1ad4b4_walk_3-output">
        <float_array id="_77d7842e2139f594bb31c3c63d1ad4b4_walk_3-output-array" count="352">

0.858145 0.513408 0.000000 0.012846 
-0.513408 0.858145 0.000000 0.000000 
0.000000 0.000000 1.000000 0.000000 
0.000000 0.000000 0.000000 1.000000 

0.823308 0.567595 0.000000 0.012846 
-0.567595 0.823308 0.000000 0.000000 
0.000000 0.000000 1.000000 0.000000 
0.000000 0.000000 0.000000 1.000000 

0.765815 0.643061 0.000000 0.012846 
-0.643061 0.765815 0.000000 0.000000 
0.000000 0.000000 1.000000 0.000000 
0.000000 0.000000 0.000000 1.000000 

0.702149 0.712031 0.000000 0.012846 
-0.712031 0.702149 0.000000 0.000000 
0.000000 0.000000 1.000000 0.000000 
0.000000 0.000000 0.000000 1.000000 

0.732338 0.680942 0.000000 0.012846 
-0.680942 0.732338 0.000000 0.000000 
0.000000 0.000000 1.000000 0.000000 
0.000000 0.000000 0.000000 1.000000 

0.512396 0.858749 0.000000 0.012846 
-0.858749 0.512396 0.000000 0.000000 
0.000000 0.000000 1.000000 0.000000 
0.000000 0.000000 0.000000 1.000000 

-0.027822 0.999613 0.000000 0.012846 
-0.999613 -0.027822 0.000000 0.000000 
0.000000 0.000000 1.000000 0.000000 
0.000000 0.000000 0.000000 1.000000 

-0.198349 0.980132 0.000000 0.012846 
-0.980132 -0.198349 0.000000 0.000000 
0.000000 0.000000 1.000000 0.000000 
0.000000 0.000000 0.000000 1.000000 

0.133199 0.991090 0.000000 0.012846 
-0.991090 0.133199 0.000000 0.000000 
0.000000 0.000000 1.000000 0.000000 
0.000000 0.000000 0.000000 1.000000 

0.311051 0.950393 0.000000 0.012846 
-0.950393 0.311051 0.000000 0.000000 
0.000000 0.000000 1.000000 0.000000 
0.000000 0.000000 0.000000 1.000000 

0.513323 0.858196 0.000000 0.012846 
-0.858196 0.513323 0.000000 0.000000 
0.000000 0.000000 1.000000 0.000000 
0.000000 0.000000 0.000000 1.000000 

0.749855 0.661603 0.000000 0.012846 
-0.661603 0.749855 0.000000 0.000000 
0.000000 0.000000 1.000000 0.000000 
0.000000 0.000000 0.000000 1.000000 

0.780714 0.624889 0.000000 0.012846 
-0.624889 0.780714 0.000000 0.000000 
0.000000 0.000000 1.000000 0.000000 
0.000000 0.000000 0.000000 1.000000 

0.618100 0.786100 0.000000 0.012846 
-0.786100 0.618100 0.000000 0.000000 
0.000000 0.000000 1.000000 0.000000 
0.000000 0.000000 0.000000 1.000000 

0.467676 0.883900 0.000000 0.012846 
-0.883900 0.467676 0.000000 0.000000 
0.000000 0.000000 1.000000 0.000000 
0.000000 0.000000 0.000000 1.000000 

0.757624 0.652692 0.000000 0.012846 
-0.652692 0.757624 0.000000 0.000000 
0.000000 0.000000 1.000000 0.000000 
0.000000 0.000000 0.000000 1.000000 

0.973800 0.227406 0.000000 0.012846 
-0.227406 0.973800 0.000000 0.000000 
0.000000 0.000000 1.000000 0.000000 
0.000000 0.000000 0.000000 1.000000 

0.998144 0.060903 0.000000 0.012846 
-0.060903 0.998144 0.000000 0.000000 
0.000000 0.000000 1.000000 0.000000 
0.000000 0.000000 0.000000 1.000000 

0.992790 0.119871 0.000000 0.012846 
-0.119871 0.992790 0.000000 0.000000 
0.000000 0.000000 1.000000 0.000000 
0.000000 0.000000 0.000000 1.000000 

0.978074 0.208258 0.000000 0.012846 
-0.208258 0.978074 0.000000 0.000000 
0.000000 0.000000 1.000000 0.000000 
0.000000 0.000000 0.000000 1.000000 

0.940768 0.339051 0.000000 0.012846 
-0.339051 0.940768 0.000000 0.000000 
0.000000 0.000000 1.000000 0.000000 
0.000000 0.000000 0.000000 1.000000 

0.856652 0.515896 0.000000 0.012846 
-0.515896 0.856652 0.000000 0.000000 
0.000000 0.000000 1.000000 0.000000 
0.000000 0.000000 0.000000 1.000000</float_array>
        <technique_common>
          <accessor count="22" source="#_77d7842e2139f594bb31c3c63d1ad4b4_walk_3-output-array" stride="16">
            <param name="TRANSFORM" type="float4x4" />
          </accessor>
        </technique_common>
      </source>
      <source id="_77d7842e2139f594bb31c3c63d1ad4b4_walk_3-interpolation">
        <Name_array id="_77d7842e2139f594bb31c3c63d1ad4b4_walk_3-interpolation-array" count="22">LINEAR LINEAR LINEAR LINEAR LINEAR LINEAR LINEAR LINEAR LINEAR LINEAR LINEAR LINEAR LINEAR LINEAR LINEAR LINEAR LINEAR LINEAR LINEAR LINEAR LINEAR LINEAR </Name_array>
        <technique_common>
          <accessor count="22" source="#_77d7842e2139f594bb31c3c63d1ad4b4_walk_3-interpolation-array">
            <param name="INTERPOLATION" type="name" />
          </accessor>
        </technique_common>
      </source>
      <sampler id="_77d7842e2139f594bb31c3c63d1ad4b4_walk_3-sampler">
        <input semantic="INPUT" source="#_77d7842e2139f594bb31c3c63d1ad4b4_walk_3-input" />
        <input semantic="OUTPUT" source="#_77d7842e2139f594bb31c3c63d1ad4b4_walk_3-output" />
        <input semantic="INTERPOLATION" source="#_77d7842e2139f594bb31c3c63d1ad4b4_walk_3-interpolation" />
      </sampler>
      <channel source="#_77d7842e2139f594bb31c3c63d1ad4b4_walk_3-sampler" target="_10592/matrix" />
    </animation>
    <animation id="_77d7842e2139f594bb31c3c63d1ad4b4_walk_4">
      <source id="_77d7842e2139f594bb31c3c63d1ad4b4_walk_4-input">
        <float_array id="_77d7842e2139f594bb31c3c63d1ad4b4_walk_4-input-array" count="28">0.000000 0.016600 0.033300 0.050000 0.066600 0.083300 0.133300 0.216600 0.316600 0.366600 0.433300 0.483300 0.500000 0.516600 0.533300 0.583300 0.633300 0.716600 0.750000 0.833300 0.883300 0.900000 0.916600 1.016600 1.066600 1.083300 1.116600 1.166600</float_array>
        <technique_common>
          <accessor count="28" source="#_77d7842e2139f594bb31c3c63d1ad4b4_walk_4-input-array">
            <param name="TIME" type="float" />
          </accessor>
        </technique_common>
      </source>
      <source id="_77d7842e2139f594bb31c3c63d1ad4b4_walk_4-output">
        <float_array id="_77d7842e2139f594bb31c3c63d1ad4b4_walk_4-output-array" count="448">

0.988338 -0.064813 0.137796 0.011654 
0.033647 0.975482 0.217491 0.000000 
-0.148513 -0.210319 0.966286 0.000000 
0.000000 0.000000 0.000000 1.000000 

0.957900 -0.218799 0.185886 0.011654 
0.167838 0.952064 0.255743 0.000000 
-0.232932 -0.213777 0.948705 0.000000 
0.000000 0.000000 0.000000 1.000000 

0.938704 -0.273092 0.210370 0.011654 
0.212773 0.939138 0.269715 0.000000 
-0.271224 -0.208422 0.939680 0.000000 
0.000000 0.000000 0.000000 1.000000 

0.954626 -0.221168 0.199432 0.011654 
0.170326 0.954809 0.243573 0.000000 
-0.244290 -0.198553 0.949157 0.000000 
0.000000 0.000000 0.000000 1.000000 

0.976992 -0.113576 0.180515 0.011654 
0.077039 0.977195 0.197873 0.000000 
-0.198872 -0.179413 0.963463 0.000000 
0.000000 0.000000 0.000000 1.000000 

0.989026 0.054002 0.137520 0.011654 
-0.072134 0.988823 0.130483 0.000000 
-0.128936 -0.138971 0.981867 0.000000 
0.000000 0.000000 0.000000 1.000000 

0.955487 0.268727 0.121775 0.011654 
-0.276335 0.959744 0.050303 0.000000 
-0.103355 -0.081715 0.991282 0.000000 
0.000000 0.000000 0.000000 1.000000 

0.985421 0.117136 0.123383 0.011654 
-0.126276 0.989590 0.069041 0.000000 
-0.114011 -0.083614 0.989954 0.000000 
0.000000 0.000000 0.000000 1.000000 

0.992917 0.026877 0.115731 0.011654 
-0.042852 0.989527 0.137843 0.000000 
-0.110814 -0.141826 0.983669 0.000000 
0.000000 0.000000 0.000000 1.000000 

0.942008 0.311184 0.125638 0.011654 
-0.325090 0.939087 0.111495 0.000000 
-0.083289 -0.145873 0.985791 0.000000 
0.000000 0.000000 0.000000 1.000000 

0.852874 0.513412 0.094943 0.011654 
-0.521254 0.847716 0.098342 0.000000 
-0.029994 -0.133363 0.990613 0.000000 
0.000000 0.000000 0.000000 1.000000 

0.986284 0.157526 0.049292 0.011654 
-0.164294 0.965626 0.201431 0.000000 
-0.015868 -0.206766 0.978262 0.000000 
0.000000 0.000000 0.000000 1.000000 

0.999449 -0.023478 0.023442 0.011654 
0.017123 0.970213 0.241645 0.000000 
-0.028417 -0.241111 0.970081 0.000000 
0.000000 0.000000 0.000000 1.000000 

0.977317 -0.211758 0.003150 0.011654 
0.202310 0.937901 0.281803 0.000000 
-0.062628 -0.274773 0.959467 0.000000 
0.000000 0.000000 0.000000 1.000000 

0.942283 -0.333867 -0.025208 0.011654 
0.325859 0.897168 0.298170 0.000000 
-0.076934 -0.289175 0.954180 0.000000 
0.000000 0.000000 0.000000 1.000000 

0.854423 -0.518329 -0.035992 0.011654 
0.501872 0.805395 0.315377 0.000000 
-0.134481 -0.287529 0.948283 0.000000 
0.000000 0.000000 0.000000 1.000000 

0.867101 -0.498131 -0.001207 0.011654 
0.481736 0.837941 0.256486 0.000000 
-0.126752 -0.222981 0.966547 0.000000 
0.000000 0.000000 0.000000 1.000000 

0.931921 -0.349329 0.097430 0.011654 
0.340042 0.935067 0.100107 0.000000 
-0.126074 -0.060161 0.990195 0.000000 
0.000000 0.000000 0.000000 1.000000 

0.924580 -0.359805 0.125266 0.011654 
0.352896 0.932705 0.074336 0.000000 
-0.143583 -0.024524 0.989334 0.000000 
0.000000 0.000000 0.000000 1.000000 

0.908370 -0.397928 0.128515 0.011654 
0.397276 0.917148 0.031786 0.000000 
-0.130516 0.022183 0.991198 0.000000 
0.000000 0.000000 0.000000 1.000000 

0.960590 -0.247684 0.126169 0.011654 
0.247760 0.968700 0.015343 0.000000 
-0.126020 0.016521 0.991890 0.000000 
0.000000 0.000000 0.000000 1.000000 

0.979747 -0.153528 0.128545 0.011654 
0.153494 0.988096 0.010228 0.000000 
-0.128585 0.009710 0.991651 0.000000 
0.000000 0.000000 0.000000 1.000000 

0.978162 -0.162594 0.129468 0.011654 
0.161385 0.986692 0.019846 0.000000 
-0.130972 0.001482 0.991385 0.000000 
0.000000 0.000000 0.000000 1.000000 

0.990599 -0.036402 0.131864 0.011654 
0.026710 0.996860 0.074537 0.000000 
-0.134163 -0.070314 0.988461 0.000000 
0.000000 0.000000 0.000000 1.000000 

0.990472 0.075117 0.115424 0.011654 
-0.086779 0.991239 0.099572 0.000000 
-0.106933 -0.108640 0.988313 0.000000 
0.000000 0.000000 0.000000 1.000000 

0.986635 0.125798 0.103562 0.011654 
-0.136623 0.985034 0.105079 0.000000 
-0.088793 -0.117824 0.989057 0.000000 
0.000000 0.000000 0.000000 1.000000 

0.990738 0.078583 0.110733 0.011654 
-0.094067 0.985334 0.142366 0.000000 
-0.097921 -0.151463 0.983600 0.000000 
0.000000 0.000000 0.000000 1.000000 

0.988687 -0.065565 0.134906 0.011654 
0.035105 0.975571 0.216861 0.000000 
-0.145829 -0.209672 0.966836 0.000000 
0.000000 0.000000 0.000000 1.000000</float_array>
        <technique_common>
          <accessor count="28" source="#_77d7842e2139f594bb31c3c63d1ad4b4_walk_4-output-array" stride="16">
            <param name="TRANSFORM" type="float4x4" />
          </accessor>
        </technique_common>
      </source>
      <source id="_77d7842e2139f594bb31c3c63d1ad4b4_walk_4-interpolation">
        <Name_array id="_77d7842e2139f594bb31c3c63d1ad4b4_walk_4-interpolation-array" count="28">LINEAR LINEAR LINEAR LINEAR LINEAR LINEAR LINEAR LINEAR LINEAR LINEAR LINEAR LINEAR LINEAR LINEAR LINEAR LINEAR LINEAR LINEAR LINEAR LINEAR LINEAR LINEAR LINEAR LINEAR LINEAR LINEAR LINEAR LINEAR </Name_array>
        <technique_common>
          <accessor count="28" source="#_77d7842e2139f594bb31c3c63d1ad4b4_walk_4-interpolation-array">
            <param name="INTERPOLATION" type="name" />
          </accessor>
        </technique_common>
      </source>
      <sampler id="_77d7842e2139f594bb31c3c63d1ad4b4_walk_4-sampler">
        <input semantic="INPUT" source="#_77d7842e2139f594bb31c3c63d1ad4b4_walk_4-input" />
        <input semantic="OUTPUT" source="#_77d7842e2139f594bb31c3c63d1ad4b4_walk_4-output" />
        <input semantic="INTERPOLATION" source="#_77d7842e2139f594bb31c3c63d1ad4b4_walk_4-interpolation" />
      </sampler>
      <channel source="#_77d7842e2139f594bb31c3c63d1ad4b4_walk_4-sampler" target="_10538/matrix" />
    </animation>
    <animation id="_77d7842e2139f594bb31c3c63d1ad4b4_walk_5">
      <source id="_77d7842e2139f594bb31c3c63d1ad4b4_walk_5-input">
        <float_array id="_77d7842e2139f594bb31c3c63d1ad4b4_walk_5-input-array" count="26">0.000000 0.033300 0.050000 0.066600 0.083300 0.116600 0.150000 0.183300 0.266600 0.333300 0.383300 0.416600 0.450000 0.500000 0.516600 0.533300 0.566600 0.616600 0.716600 0.750000 0.833300 0.916600 1.066600 1.083300 1.133300 1.166600</float_array>
        <technique_common>
          <accessor count="26" source="#_77d7842e2139f594bb31c3c63d1ad4b4_walk_5-input-array">
            <param name="TIME" type="float" />
          </accessor>
        </technique_common>
      </source>
      <source id="_77d7842e2139f594bb31c3c63d1ad4b4_walk_5-output">
        <float_array id="_77d7842e2139f594bb31c3c63d1ad4b4_walk_5-output-array" count="416">

-0.671024 -0.741435 -0.000001 0.003856 
0.728797 -0.659586 -0.183850 0.003821 
0.136312 -0.123368 0.982955 0.000000 
0.000000 0.000000 0.000000 1.000000 

-0.462885 -0.880469 -0.102533 0.003856 
0.876410 -0.437254 -0.201777 0.003821 
0.132826 -0.183261 0.974050 0.000000 
0.000000 0.000000 0.000000 1.000000 

-0.377458 -0.922413 -0.081726 0.003856 
0.916414 -0.359399 -0.176118 0.003821 
0.133082 -0.141372 0.980971 0.000000 
0.000000 0.000000 0.000000 1.000000 

-0.268462 -0.962043 -0.048995 0.003856 
0.955650 -0.259595 -0.139081 0.003821 
0.121083 -0.084160 0.989068 0.000000 
0.000000 0.000000 0.000000 1.000000 

-0.167672 -0.985843 -0.000894 0.003856 
0.982514 -0.167031 -0.082261 0.003821 
0.080947 -0.014671 0.996611 0.000000 
0.000000 0.000000 0.000000 1.000000 

0.135345 -0.990765 0.008092 0.003856 
0.990437 0.135071 -0.028107 0.003821 
0.026754 0.011819 0.999572 0.000000 
0.000000 0.000000 0.000000 1.000000 

0.221487 -0.975163 0.000000 0.003856 
0.975163 0.221487 -0.000001 0.003821 
0.000001 0.000000 1.000000 0.000000 
0.000000 0.000000 0.000000 1.000000 

0.210805 -0.977518 -0.004440 0.003856 
0.977470 0.210741 0.011844 0.003821 
-0.010642 -0.006837 0.999920 0.000000 
0.000000 0.000000 0.000000 1.000000 

0.480611 -0.876933 -0.001258 0.003856 
0.876931 0.480605 0.003401 0.003821 
-0.002378 -0.002737 0.999994 0.000000 
0.000000 0.000000 0.000000 1.000000 

0.514208 -0.857642 -0.006365 0.003856 
0.857665 0.514194 0.003821 0.003821 
-0.000004 -0.007424 0.999973 0.000000 
0.000000 0.000000 0.000000 1.000000 

0.270757 -0.962460 -0.019013 0.003856 
0.962617 0.270538 0.013301 0.003821 
-0.007658 -0.021903 0.999731 0.000000 
0.000000 0.000000 0.000000 1.000000 

0.225507 -0.974171 -0.011733 0.003856 
0.974218 0.225402 0.009640 0.003821 
-0.006747 -0.013605 0.999885 0.000000 
0.000000 0.000000 0.000000 1.000000 

0.370784 -0.928530 0.018753 0.003856 
0.928651 0.370436 -0.019581 0.003821 
0.011235 0.024675 0.999632 0.000000 
0.000000 0.000000 0.000000 1.000000 

0.221018 -0.972418 0.074519 0.003856 
0.967458 0.208955 -0.142699 0.003821 
0.123192 0.103633 0.986957 0.000000 
0.000000 0.000000 0.000000 1.000000 

0.116643 -0.990846 0.067966 0.003856 
0.974775 0.101102 -0.198979 0.003821 
0.190286 0.089461 0.977644 0.000000 
0.000000 0.000000 0.000000 1.000000 

-0.017726 -0.997462 0.068952 0.003856 
0.970727 -0.033690 -0.237811 0.003821 
0.239531 0.062718 0.968861 0.000000 
0.000000 0.000000 0.000000 1.000000 

-0.139300 -0.989469 0.039320 0.003856 
0.944740 -0.144692 -0.294161 0.003821 
0.296753 -0.003830 0.954947 0.000000 
0.000000 0.000000 0.000000 1.000000 

-0.037099 -0.999017 0.024282 0.003856 
0.963007 -0.042231 -0.266149 0.003821 
0.266913 0.013510 0.963626 0.000000 
0.000000 0.000000 0.000000 1.000000 

0.028120 -0.999571 0.008187 0.003856 
0.999354 0.027929 -0.022628 0.003821 
0.022390 0.008818 0.999711 0.000000 
0.000000 0.000000 0.000000 1.000000 

-0.001385 -0.999963 -0.008484 0.003856 
0.999953 -0.001467 0.009616 0.003821 
-0.009628 -0.008470 0.999918 0.000000 
0.000000 0.000000 0.000000 1.000000 

0.015902 -0.999873 -0.000646 0.003856 
0.999677 0.015886 0.019831 0.003821 
-0.019818 -0.000961 0.999803 0.000000 
0.000000 0.000000 0.000000 1.000000 

-0.071971 -0.997399 -0.003786 0.003856 
0.997311 -0.071911 -0.014151 0.003821 
0.013842 -0.004794 0.999893 0.000000 
0.000000 0.000000 0.000000 1.000000 

-0.555831 -0.830937 0.024406 0.003856 
0.826776 -0.555628 -0.087857 0.003821 
0.086565 -0.028655 0.995834 0.000000 
0.000000 0.000000 0.000000 1.000000 

-0.621453 -0.782470 0.039209 0.003856 
0.777700 -0.622171 -0.089925 0.003821 
0.094758 -0.025391 0.995177 0.000000 
0.000000 0.000000 0.000000 1.000000 

-0.663432 -0.747822 0.024907 0.003856 
0.738104 -0.659545 -0.142136 0.003821 
0.122720 -0.075914 0.989534 0.000000 
0.000000 0.000000 0.000000 1.000000 

-0.671011 -0.741447 0.000052 0.003856 
0.728814 -0.659591 -0.183767 0.003821 
0.136288 -0.123272 0.982970 0.000000 
0.000000 0.000000 0.000000 1.000000</float_array>
        <technique_common>
          <accessor count="26" source="#_77d7842e2139f594bb31c3c63d1ad4b4_walk_5-output-array" stride="16">
            <param name="TRANSFORM" type="float4x4" />
          </accessor>
        </technique_common>
      </source>
      <source id="_77d7842e2139f594bb31c3c63d1ad4b4_walk_5-interpolation">
        <Name_array id="_77d7842e2139f594bb31c3c63d1ad4b4_walk_5-interpolation-array" count="26">LINEAR LINEAR LINEAR LINEAR LINEAR LINEAR LINEAR LINEAR LINEAR LINEAR LINEAR LINEAR LINEAR LINEAR LINEAR LINEAR LINEAR LINEAR LINEAR LINEAR LINEAR LINEAR LINEAR LINEAR LINEAR LINEAR </Name_array>
        <technique_common>
          <accessor count="26" source="#_77d7842e2139f594bb31c3c63d1ad4b4_walk_5-interpolation-array">
            <param name="INTERPOLATION" type="name" />
          </accessor>
        </technique_common>
      </source>
      <sampler id="_77d7842e2139f594bb31c3c63d1ad4b4_walk_5-sampler">
        <input semantic="INPUT" source="#_77d7842e2139f594bb31c3c63d1ad4b4_walk_5-input" />
        <input semantic="OUTPUT" source="#_77d7842e2139f594bb31c3c63d1ad4b4_walk_5-output" />
        <input semantic="INTERPOLATION" source="#_77d7842e2139f594bb31c3c63d1ad4b4_walk_5-interpolation" />
      </sampler>
      <channel source="#_77d7842e2139f594bb31c3c63d1ad4b4_walk_5-sampler" target="_10572/matrix" />
    </animation>
    <animation id="_77d7842e2139f594bb31c3c63d1ad4b4_walk_6">
      <source id="_77d7842e2139f594bb31c3c63d1ad4b4_walk_6-input">
        <float_array id="_77d7842e2139f594bb31c3c63d1ad4b4_walk_6-input-array" count="14">0.000000 0.166600 0.250000 0.433300 0.500000 0.583300 0.650000 0.733300 0.833300 0.916600 0.983300 1.050000 1.100000 1.166600</float_array>
        <technique_common>
          <accessor count="14" source="#_77d7842e2139f594bb31c3c63d1ad4b4_walk_6-input-array">
            <param name="TIME" type="float" />
          </accessor>
        </technique_common>
      </source>
      <source id="_77d7842e2139f594bb31c3c63d1ad4b4_walk_6-output">
        <float_array id="_77d7842e2139f594bb31c3c63d1ad4b4_walk_6-output-array" count="224">

-0.743743 0.662000 -0.092750 0.000000 
0.666731 0.724644 -0.174244 0.000000 
-0.048139 -0.191432 -0.980325 -0.006582 
0.000000 0.000000 0.000000 1.000000 

-0.742272 0.665100 -0.081700 0.000000 
0.669971 0.738976 -0.071093 0.000000 
0.013090 -0.107507 -0.994118 -0.006582 
0.000000 0.000000 0.000000 1.000000 

-0.911335 0.405142 -0.072996 0.000000 
0.404419 0.914230 0.025094 0.000000 
0.076901 -0.006652 -0.997017 -0.006582 
0.000000 0.000000 0.000000 1.000000 

-0.997699 -0.067355 0.007702 0.000000 
-0.063851 0.971764 0.227153 0.000000 
-0.022785 0.226139 -0.973829 -0.006582 
0.000000 0.000000 0.000000 1.000000 

-0.985655 -0.155781 -0.064939 0.000000 
-0.167779 0.946137 0.276903 0.000000 
0.018305 0.283827 -0.958701 -0.006582 
0.000000 0.000000 0.000000 1.000000 

-0.949765 -0.235251 -0.206406 0.000000 
-0.285208 0.922145 0.261353 0.000000 
0.128853 0.307092 -0.942916 -0.006582 
0.000000 0.000000 0.000000 1.000000 

-0.943179 -0.255527 -0.212416 0.000000 
-0.297867 0.933498 0.199642 0.000000 
0.147276 0.251570 -0.956568 -0.006582 
0.000000 0.000000 0.000000 1.000000 

-0.965514 -0.162865 -0.203120 0.000000 
-0.188109 0.975767 0.111774 0.000000 
0.179993 0.146128 -0.972753 -0.006582 
0.000000 0.000000 0.000000 1.000000 

-0.911566 0.338291 -0.233683 0.000000 
0.350049 0.936683 -0.009508 0.000000 
0.215671 -0.090468 -0.972267 -0.006582 
0.000000 0.000000 0.000000 1.000000 

-0.653167 0.713889 -0.252460 0.000000 
0.745914 0.663989 -0.052256 0.000000 
0.130326 -0.222445 -0.966195 -0.006582 
0.000000 0.000000 0.000000 1.000000 

-0.532056 0.827338 -0.180078 0.000000 
0.844132 0.534881 -0.036641 0.000000 
0.066006 -0.171505 -0.982970 -0.006582 
0.000000 0.000000 0.000000 1.000000 

-0.610201 0.784094 -0.113360 0.000000 
0.792151 0.606071 -0.071940 0.000000 
0.012296 -0.133696 -0.990946 -0.006582 
0.000000 0.000000 0.000000 1.000000 

-0.666310 0.739936 -0.092335 0.000000 
0.744841 0.654588 -0.129334 0.000000 
-0.035257 -0.154952 -0.987293 -0.006582 
0.000000 0.000000 0.000000 1.000000 

-0.743655 0.662101 -0.092732 0.000000 
0.666826 0.724562 -0.174222 0.000000 
-0.048163 -0.191397 -0.980330 -0.006582 
0.000000 0.000000 0.000000 1.000000</float_array>
        <technique_common>
          <accessor count="14" source="#_77d7842e2139f594bb31c3c63d1ad4b4_walk_6-output-array" stride="16">
            <param name="TRANSFORM" type="float4x4" />
          </accessor>
        </technique_common>
      </source>
      <source id="_77d7842e2139f594bb31c3c63d1ad4b4_walk_6-interpolation">
        <Name_array id="_77d7842e2139f594bb31c3c63d1ad4b4_walk_6-interpolation-array" count="14">LINEAR LINEAR LINEAR LINEAR LINEAR LINEAR LINEAR LINEAR LINEAR LINEAR LINEAR LINEAR LINEAR LINEAR </Name_array>
        <technique_common>
          <accessor count="14" source="#_77d7842e2139f594bb31c3c63d1ad4b4_walk_6-interpolation-array">
            <param name="INTERPOLATION" type="name" />
          </accessor>
        </technique_common>
      </source>
      <sampler id="_77d7842e2139f594bb31c3c63d1ad4b4_walk_6-sampler">
        <input semantic="INPUT" source="#_77d7842e2139f594bb31c3c63d1ad4b4_walk_6-input" />
        <input semantic="OUTPUT" source="#_77d7842e2139f594bb31c3c63d1ad4b4_walk_6-output" />
        <input semantic="INTERPOLATION" source="#_77d7842e2139f594bb31c3c63d1ad4b4_walk_6-interpolation" />
      </sampler>
      <channel source="#_77d7842e2139f594bb31c3c63d1ad4b4_walk_6-sampler" target="_10462/matrix" />
    </animation>
    <animation id="_77d7842e2139f594bb31c3c63d1ad4b4_walk_7">
      <source id="_77d7842e2139f594bb31c3c63d1ad4b4_walk_7-input">
        <float_array id="_77d7842e2139f594bb31c3c63d1ad4b4_walk_7-input-array" count="20">0.000000 0.083300 0.133300 0.150000 0.183300 0.216600 0.250000 0.383300 0.433300 0.500000 0.633300 0.666600 0.716600 0.766600 0.850000 0.916600 0.983300 1.033300 1.116600 1.166600</float_array>
        <technique_common>
          <accessor count="20" source="#_77d7842e2139f594bb31c3c63d1ad4b4_walk_7-input-array">
            <param name="TIME" type="float" />
          </accessor>
        </technique_common>
      </source>
      <source id="_77d7842e2139f594bb31c3c63d1ad4b4_walk_7-output">
        <float_array id="_77d7842e2139f594bb31c3c63d1ad4b4_walk_7-output-array" count="320">

0.895166 0.445734 0.000000 0.012846 
-0.445734 0.895166 0.000000 0.000000 
0.000000 0.000000 1.000000 0.000000 
0.000000 0.000000 0.000000 1.000000 

0.647464 0.762096 0.000000 0.012846 
-0.762096 0.647464 0.000000 0.000000 
0.000000 0.000000 1.000000 0.000000 
0.000000 0.000000 0.000000 1.000000 

0.509402 0.860529 0.000000 0.012846 
-0.860529 0.509402 0.000000 0.000000 
0.000000 0.000000 1.000000 0.000000 
0.000000 0.000000 0.000000 1.000000 

0.494713 0.869056 0.000000 0.012846 
-0.869056 0.494713 0.000000 0.000000 
0.000000 0.000000 1.000000 0.000000 
0.000000 0.000000 0.000000 1.000000 

0.462674 0.886528 0.000000 0.012846 
-0.886528 0.462674 0.000000 0.000000 
0.000000 0.000000 1.000000 0.000000 
0.000000 0.000000 0.000000 1.000000 

0.507431 0.861692 0.000000 0.012846 
-0.861692 0.507431 0.000000 0.000000 
0.000000 0.000000 1.000000 0.000000 
0.000000 0.000000 0.000000 1.000000 

0.576660 0.816984 0.000000 0.012846 
-0.816984 0.576660 0.000000 0.000000 
0.000000 0.000000 1.000000 0.000000 
0.000000 0.000000 0.000000 1.000000 

0.763703 0.645568 0.000000 0.012846 
-0.645568 0.763703 0.000000 0.000000 
0.000000 0.000000 1.000000 0.000000 
0.000000 0.000000 0.000000 1.000000 

0.844360 0.535775 0.000000 0.012846 
-0.535775 0.844360 0.000000 0.000000 
0.000000 0.000000 1.000000 0.000000 
0.000000 0.000000 0.000000 1.000000 

0.889432 0.457067 0.000000 0.012846 
-0.457067 0.889432 0.000000 0.000000 
0.000000 0.000000 1.000000 0.000000 
0.000000 0.000000 0.000000 1.000000 

0.831455 0.555592 0.000000 0.012846 
-0.555592 0.831455 0.000000 0.000000 
0.000000 0.000000 1.000000 0.000000 
0.000000 0.000000 0.000000 1.000000 

0.784006 0.620753 0.000000 0.012846 
-0.620753 0.784006 0.000000 0.000000 
0.000000 0.000000 1.000000 0.000000 
0.000000 0.000000 0.000000 1.000000 

0.692113 0.721789 0.000000 0.012846 
-0.721789 0.692113 0.000000 0.000000 
0.000000 0.000000 1.000000 0.000000 
0.000000 0.000000 0.000000 1.000000 

0.371213 0.928548 0.000000 0.012846 
-0.928548 0.371213 0.000000 0.000000 
0.000000 0.000000 1.000000 0.000000 
0.000000 0.000000 0.000000 1.000000 

-0.216279 0.976332 0.000000 0.012846 
-0.976332 -0.216279 0.000000 0.000000 
0.000000 0.000000 1.000000 0.000000 
0.000000 0.000000 0.000000 1.000000 

-0.307679 0.951490 0.000000 0.012846 
-0.951490 -0.307679 0.000000 0.000000 
0.000000 0.000000 1.000000 0.000000 
0.000000 0.000000 0.000000 1.000000 

0.115320 0.993328 0.000000 0.012846 
-0.993328 0.115320 0.000000 0.000000 
0.000000 0.000000 1.000000 0.000000 
0.000000 0.000000 0.000000 1.000000 

0.478084 0.878314 0.000000 0.012846 
-0.878314 0.478084 0.000000 0.000000 
0.000000 0.000000 1.000000 0.000000 
0.000000 0.000000 0.000000 1.000000 

0.764799 0.644268 0.000000 0.012846 
-0.644268 0.764799 0.000000 0.000000 
0.000000 0.000000 1.000000 0.000000 
0.000000 0.000000 0.000000 1.000000 

0.895024 0.446018 0.000000 0.012846 
-0.446018 0.895024 0.000000 0.000000 
0.000000 0.000000 1.000000 0.000000 
0.000000 0.000000 0.000000 1.000000</float_array>
        <technique_common>
          <accessor count="20" source="#_77d7842e2139f594bb31c3c63d1ad4b4_walk_7-output-array" stride="16">
            <param name="TRANSFORM" type="float4x4" />
          </accessor>
        </technique_common>
      </source>
      <source id="_77d7842e2139f594bb31c3c63d1ad4b4_walk_7-interpolation">
        <Name_array id="_77d7842e2139f594bb31c3c63d1ad4b4_walk_7-interpolation-array" count="20">LINEAR LINEAR LINEAR LINEAR LINEAR LINEAR LINEAR LINEAR LINEAR LINEAR LINEAR LINEAR LINEAR LINEAR LINEAR LINEAR LINEAR LINEAR LINEAR LINEAR </Name_array>
        <technique_common>
          <accessor count="20" source="#_77d7842e2139f594bb31c3c63d1ad4b4_walk_7-interpolation-array">
            <param name="INTERPOLATION" type="name" />
          </accessor>
        </technique_common>
      </source>
      <sampler id="_77d7842e2139f594bb31c3c63d1ad4b4_walk_7-sampler">
        <input semantic="INPUT" source="#_77d7842e2139f594bb31c3c63d1ad4b4_walk_7-input" />
        <input semantic="OUTPUT" source="#_77d7842e2139f594bb31c3c63d1ad4b4_walk_7-output" />
