<?xml version="1.0" encoding="utf-8"?>
<COLLADA xmlns:xsi="http://www.w3.org/2001/XMLSchema-instance" xmlns:xsd="http://www.w3.org/2001/XMLSchema" version="1.4.1" xmlns="http://www.collada.org/2005/11/COLLADASchema">
  <asset>
    <contributor>
      <author />
      <authoring_tool>Unity3D 2017.3.1p4 - COLLADA exporter v1.6.4</authoring_tool>
      <comments />
      <copyright />
      <source_data>Demo_scene.unity</source_data>
    </contributor>
    <created>2018-03-22T19:00:42.139866-03:00</created>
    <modified>2018-03-22T19:00:42.139867-03:00</modified>
    <unit meter="1" name="meter" />
    <up_axis>Y_UP</up_axis>
  </asset>
  <library_animations>
    <animation id="_2e899fabcb02c3b4aa4caff291f69092_idle01_0">
      <source id="_2e899fabcb02c3b4aa4caff291f69092_idle01_0-input">
        <float_array id="_2e899fabcb02c3b4aa4caff291f69092_idle01_0-input-array" count="2">0.000000 1.966600</float_array>
        <technique_common>
          <accessor count="2" source="#_2e899fabcb02c3b4aa4caff291f69092_idle01_0-input-array">
            <param name="TIME" type="float" />
          </accessor>
        </technique_common>
      </source>
      <source id="_2e899fabcb02c3b4aa4caff291f69092_idle01_0-output">
        <float_array id="_2e899fabcb02c3b4aa4caff291f69092_idle01_0-output-array" count="32">

1.000000 0.000000 0.000000 0.000000 
0.000000 1.000000 0.000000 0.000000 
0.000000 0.000000 1.000000 0.000000 
0.000000 0.000000 0.000000 1.000000 

1.000000 0.000000 0.000000 0.000000 
0.000000 1.000000 0.000000 0.000000 
0.000000 0.000000 1.000000 0.000000 
0.000000 0.000000 0.000000 1.000000</float_array>
        <technique_common>
          <accessor count="2" source="#_2e899fabcb02c3b4aa4caff291f69092_idle01_0-output-array" stride="16">
            <param name="TRANSFORM" type="float4x4" />
          </accessor>
        </technique_common>
      </source>
      <source id="_2e899fabcb02c3b4aa4caff291f69092_idle01_0-interpolation">
        <Name_array id="_2e899fabcb02c3b4aa4caff291f69092_idle01_0-interpolation-array" count="2">LINEAR LINEAR </Name_array>
        <technique_common>
          <accessor count="2" source="#_2e899fabcb02c3b4aa4caff291f69092_idle01_0-interpolation-array">
            <param name="INTERPOLATION" type="name" />
          </accessor>
        </technique_common>
      </source>
      <sampler id="_2e899fabcb02c3b4aa4caff291f69092_idle01_0-sampler">
        <input semantic="INPUT" source="#_2e899fabcb02c3b4aa4caff291f69092_idle01_0-input" />
        <input semantic="OUTPUT" source="#_2e899fabcb02c3b4aa4caff291f69092_idle01_0-output" />
        <input semantic="INTERPOLATION" source="#_2e899fabcb02c3b4aa4caff291f69092_idle01_0-interpolation" />
      </sampler>
      <channel source="#_2e899fabcb02c3b4aa4caff291f69092_idle01_0-sampler" target="_-121566/matrix" />
    </animation>
    <animation id="_2e899fabcb02c3b4aa4caff291f69092_idle01_1">
      <source id="_2e899fabcb02c3b4aa4caff291f69092_idle01_1-input">
        <float_array id="_2e899fabcb02c3b4aa4caff291f69092_idle01_1-input-array" count="5">0.000000 0.600000 1.300000 1.766600 1.966600</float_array>
        <technique_common>
          <accessor count="5" source="#_2e899fabcb02c3b4aa4caff291f69092_idle01_1-input-array">
            <param name="TIME" type="float" />
          </accessor>
        </technique_common>
      </source>
      <source id="_2e899fabcb02c3b4aa4caff291f69092_idle01_1-output">
        <float_array id="_2e899fabcb02c3b4aa4caff291f69092_idle01_1-output-array" count="80">

-0.012136 -0.999886 -0.008931 0.000000 
0.999926 -0.012135 -0.000108 0.164243 
0.000000 -0.008932 0.999960 -0.031149 
0.000000 0.000000 0.000000 1.000000 

-0.012136 -0.992204 -0.124031 0.000000 
0.999926 -0.012042 -0.001505 0.164243 
0.000000 -0.124040 0.992277 -0.031149 
0.000000 0.000000 0.000000 1.000000 

-0.012136 -0.988509 0.150675 0.000000 
0.999926 -0.011997 0.001829 0.164243 
0.000000 0.150686 0.988582 -0.031149 
0.000000 0.000000 0.000000 1.000000 

-0.012136 -0.996131 0.087041 0.000000 
0.999926 -0.012090 0.001056 0.164243 
0.000000 0.087048 0.996204 -0.031149 
0.000000 0.000000 0.000000 1.000000 

-0.012136 -0.999926 0.000025 0.000000 
0.999926 -0.012136 0.000000 0.164243 
0.000000 0.000025 1.000000 -0.031149 
0.000000 0.000000 0.000000 1.000000</float_array>
        <technique_common>
          <accessor count="5" source="#_2e899fabcb02c3b4aa4caff291f69092_idle01_1-output-array" stride="16">
            <param name="TRANSFORM" type="float4x4" />
          </accessor>
        </technique_common>
      </source>
      <source id="_2e899fabcb02c3b4aa4caff291f69092_idle01_1-interpolation">
        <Name_array id="_2e899fabcb02c3b4aa4caff291f69092_idle01_1-interpolation-array" count="5">LINEAR LINEAR LINEAR LINEAR LINEAR </Name_array>
        <technique_common>
          <accessor count="5" source="#_2e899fabcb02c3b4aa4caff291f69092_idle01_1-interpolation-array">
            <param name="INTERPOLATION" type="name" />
          </accessor>
        </technique_common>
      </source>
      <sampler id="_2e899fabcb02c3b4aa4caff291f69092_idle01_1-sampler">
        <input semantic="INPUT" source="#_2e899fabcb02c3b4aa4caff291f69092_idle01_1-input" />
        <input semantic="OUTPUT" source="#_2e899fabcb02c3b4aa4caff291f69092_idle01_1-output" />
        <input semantic="INTERPOLATION" source="#_2e899fabcb02c3b4aa4caff291f69092_idle01_1-interpolation" />
      </sampler>
      <channel source="#_2e899fabcb02c3b4aa4caff291f69092_idle01_1-sampler" target="_-121578/matrix" />
    </animation>
    <animation id="_2e899fabcb02c3b4aa4caff291f69092_idle01_2">
      <source id="_2e899fabcb02c3b4aa4caff291f69092_idle01_2-input">
        <float_array id="_2e899fabcb02c3b4aa4caff291f69092_idle01_2-input-array" count="7">0.000000 0.233300 0.566600 0.999900 1.500000 1.533300 1.966600</float_array>
        <technique_common>
          <accessor count="7" source="#_2e899fabcb02c3b4aa4caff291f69092_idle01_2-input-array">
            <param name="TIME" type="float" />
          </accessor>
        </technique_common>
      </source>
      <source id="_2e899fabcb02c3b4aa4caff291f69092_idle01_2-output">
        <float_array id="_2e899fabcb02c3b4aa4caff291f69092_idle01_2-output-array" count="112">

1.000000 0.000000 -0.000092 0.054013 
0.000000 1.000000 0.000000 0.000000 
0.000092 0.000000 1.000000 0.000000 
0.000000 0.000000 0.000000 1.000000 

0.999976 0.000000 -0.006897 0.059384 
0.000000 1.000000 0.000000 0.000000 
0.006897 0.000000 0.999976 0.000000 
0.000000 0.000000 0.000000 1.000000 

0.999610 0.000000 -0.027911 0.062847 
0.000000 1.000000 0.000000 0.000000 
0.027911 0.000000 0.999610 0.000000 
0.000000 0.000000 0.000000 1.000000 

0.998360 0.000000 -0.057247 0.053949 
0.000000 1.000000 0.000000 0.000000 
0.057247 0.000000 0.998360 0.000000 
0.000000 0.000000 0.000000 1.000000 

0.998061 0.000000 -0.062245 0.058798 
0.000000 1.000000 0.000000 0.000000 
0.062245 0.000000 0.998061 0.000000 
0.000000 0.000000 0.000000 1.000000 

0.998194 0.000000 -0.060076 0.058643 
0.000000 1.000000 0.000000 0.000000 
0.060076 0.000000 0.998194 0.000000 
0.000000 0.000000 0.000000 1.000000 

1.000000 0.000000 -0.000002 0.053886 
0.000000 1.000000 0.000000 0.000000 
0.000002 0.000000 1.000000 0.000000 
0.000000 0.000000 0.000000 1.000000</float_array>
        <technique_common>
          <accessor count="7" source="#_2e899fabcb02c3b4aa4caff291f69092_idle01_2-output-array" stride="16">
            <param name="TRANSFORM" type="float4x4" />
          </accessor>
        </technique_common>
      </source>
      <source id="_2e899fabcb02c3b4aa4caff291f69092_idle01_2-interpolation">
        <Name_array id="_2e899fabcb02c3b4aa4caff291f69092_idle01_2-interpolation-array" count="7">LINEAR LINEAR LINEAR LINEAR LINEAR LINEAR LINEAR </Name_array>
        <technique_common>
          <accessor count="7" source="#_2e899fabcb02c3b4aa4caff291f69092_idle01_2-interpolation-array">
            <param name="INTERPOLATION" type="name" />
          </accessor>
        </technique_common>
      </source>
      <sampler id="_2e899fabcb02c3b4aa4caff291f69092_idle01_2-sampler">
        <input semantic="INPUT" source="#_2e899fabcb02c3b4aa4caff291f69092_idle01_2-input" />
        <input semantic="OUTPUT" source="#_2e899fabcb02c3b4aa4caff291f69092_idle01_2-output" />
        <input semantic="INTERPOLATION" source="#_2e899fabcb02c3b4aa4caff291f69092_idle01_2-interpolation" />
      </sampler>
      <channel source="#_2e899fabcb02c3b4aa4caff291f69092_idle01_2-sampler" target="_-121586/matrix" />
    </animation>
    <animation id="_2e899fabcb02c3b4aa4caff291f69092_idle01_3">
      <source id="_2e899fabcb02c3b4aa4caff291f69092_idle01_3-input">
        <float_array id="_2e899fabcb02c3b4aa4caff291f69092_idle01_3-input-array" count="11">0.000000 0.200000 0.466600 0.966600 0.999900 1.066600 1.166600 1.466600 1.866600 1.933300 1.966600</float_array>
        <technique_common>
          <accessor count="11" source="#_2e899fabcb02c3b4aa4caff291f69092_idle01_3-input-array">
            <param name="TIME" type="float" />
          </accessor>
        </technique_common>
      </source>
      <source id="_2e899fabcb02c3b4aa4caff291f69092_idle01_3-output">
        <float_array id="_2e899fabcb02c3b4aa4caff291f69092_idle01_3-output-array" count="176">

0.999998 -0.000704 -0.001892 0.058916 
0.000704 1.000000 0.000001 0.000000 
0.001892 -0.000002 0.999998 0.000000 
0.000000 0.000000 0.000000 1.000000 

0.997668 -0.024001 -0.063900 0.064034 
0.023923 0.999712 -0.001983 0.000000 
0.063929 0.000450 0.997954 0.000000 
0.000000 0.000000 0.000000 1.000000 

0.990515 -0.048007 -0.128749 0.069272 
0.047660 0.998847 -0.005776 0.000000 
0.128877 -0.000415 0.991660 0.000000 
0.000000 0.000000 0.000000 1.000000 

0.998056 -0.013024 -0.060945 0.066366 
0.013056 0.999915 0.000127 0.000000 
0.060938 -0.000923 0.998141 0.000000 
0.000000 0.000000 0.000000 1.000000 

0.998464 -0.009741 -0.054550 0.066488 
0.009780 0.999952 0.000455 -0.000004 
0.054543 -0.000988 0.998511 -0.000002 
0.000000 0.000000 0.000000 1.000000 

0.999120 -0.003205 -0.041810 0.067364 
0.003249 0.999994 0.000985 -0.000034 
0.041807 -0.001120 0.999125 -0.000014 
0.000000 0.000000 0.000000 1.000000 

0.999704 0.006163 -0.023534 0.069738 
-0.006131 0.999980 0.001418 -0.000116 
0.023542 -0.001273 0.999722 -0.000049 
0.000000 0.000000 0.000000 1.000000 

0.999850 0.016700 0.004602 0.075979 
-0.016705 0.999860 0.001180 -0.000332 
-0.004582 -0.001257 0.999989 -0.000140 
0.000000 0.000000 0.000000 1.000000 

0.999997 0.002421 0.001018 0.060555 
-0.002421 0.999997 0.000148 -0.000035 
-0.001018 -0.000151 0.999999 -0.000015 
0.000000 0.000000 0.000000 1.000000 

1.000000 0.000431 0.000181 0.058982 
-0.000431 1.000000 0.000027 -0.000004 
-0.000181 -0.000027 1.000000 -0.000002 
0.000000 0.000000 0.000000 1.000000 

1.000000 0.000001 0.000000 0.058762 
-0.000001 1.000000 0.000000 0.000000 
0.000000 0.000000 1.000000 0.000000 
0.000000 0.000000 0.000000 1.000000</float_array>
        <technique_common>
          <accessor count="11" source="#_2e899fabcb02c3b4aa4caff291f69092_idle01_3-output-array" stride="16">
            <param name="TRANSFORM" type="float4x4" />
          </accessor>
        </technique_common>
      </source>
      <source id="_2e899fabcb02c3b4aa4caff291f69092_idle01_3-interpolation">
        <Name_array id="_2e899fabcb02c3b4aa4caff291f69092_idle01_3-interpolation-array" count="11">LINEAR LINEAR LINEAR LINEAR LINEAR LINEAR LINEAR LINEAR LINEAR LINEAR LINEAR </Name_array>
        <technique_common>
          <accessor count="11" source="#_2e899fabcb02c3b4aa4caff291f69092_idle01_3-interpolation-array">
            <param name="INTERPOLATION" type="name" />
          </accessor>
        </technique_common>
      </source>
      <sampler id="_2e899fabcb02c3b4aa4caff291f69092_idle01_3-sampler">
        <input semantic="INPUT" source="#_2e899fabcb02c3b4aa4caff291f69092_idle01_3-input" />
        <input semantic="OUTPUT" source="#_2e899fabcb02c3b4aa4caff291f69092_idle01_3-output" />
        <input semantic="INTERPOLATION" source="#_2e899fabcb02c3b4aa4caff291f69092_idle01_3-interpolation" />
      </sampler>
      <channel source="#_2e899fabcb02c3b4aa4caff291f69092_idle01_3-sampler" target="_-121628/matrix" />
    </animation>
    <animation id="_2e899fabcb02c3b4aa4caff291f69092_idle01_4">
      <source id="_2e899fabcb02c3b4aa4caff291f69092_idle01_4-input">
        <float_array id="_2e899fabcb02c3b4aa4caff291f69092_idle01_4-input-array" count="6">0.000000 0.666600 1.133300 1.400000 1.700000 1.966600</float_array>
        <technique_common>
          <accessor count="6" source="#_2e899fabcb02c3b4aa4caff291f69092_idle01_4-input-array">
            <param name="TIME" type="float" />
          </accessor>
        </technique_common>
      </source>
      <source id="_2e899fabcb02c3b4aa4caff291f69092_idle01_4-output">
        <float_array id="_2e899fabcb02c3b4aa4caff291f69092_idle01_4-output-array" count="96">

-0.813594 -0.494517 -0.305806 0.017578 
-0.444177 0.189229 0.875728 -0.114525 
-0.375195 0.848319 -0.373609 0.015585 
0.000000 0.000000 0.000000 1.000000 

-0.783374 -0.546541 -0.296004 0.017578 
-0.465005 0.199340 0.862574 -0.114525 
-0.412427 0.813361 -0.410302 0.015585 
0.000000 0.000000 0.000000 1.000000 

-0.805955 -0.493124 -0.327514 0.017578 
-0.527414 0.346899 0.775561 -0.114525 
-0.268833 0.797803 -0.539666 0.015585 
0.000000 0.000000 0.000000 1.000000 

-0.807977 -0.478675 -0.343575 0.017578 
-0.553741 0.417606 0.720401 -0.114525 
-0.201359 0.772318 -0.602478 0.015585 
0.000000 0.000000 0.000000 1.000000 

-0.798265 -0.513446 -0.314875 0.017578 
-0.525713 0.338830 0.780269 -0.114525 
-0.293937 0.788396 -0.540401 0.015585 
0.000000 0.000000 0.000000 1.000000 

-0.813593 -0.494518 -0.305806 0.017578 
-0.444182 0.189237 0.875724 -0.114525 
-0.375191 0.848316 -0.373618 0.015585 
0.000000 0.000000 0.000000 1.000000</float_array>
        <technique_common>
          <accessor count="6" source="#_2e899fabcb02c3b4aa4caff291f69092_idle01_4-output-array" stride="16">
            <param name="TRANSFORM" type="float4x4" />
          </accessor>
        </technique_common>
      </source>
      <source id="_2e899fabcb02c3b4aa4caff291f69092_idle01_4-interpolation">
        <Name_array id="_2e899fabcb02c3b4aa4caff291f69092_idle01_4-interpolation-array" count="6">LINEAR LINEAR LINEAR LINEAR LINEAR LINEAR </Name_array>
        <technique_common>
          <accessor count="6" source="#_2e899fabcb02c3b4aa4caff291f69092_idle01_4-interpolation-array">
            <param name="INTERPOLATION" type="name" />
          </accessor>
        </technique_common>
      </source>
      <sampler id="_2e899fabcb02c3b4aa4caff291f69092_idle01_4-sampler">
        <input semantic="INPUT" source="#_2e899fabcb02c3b4aa4caff291f69092_idle01_4-input" />
        <input semantic="OUTPUT" source="#_2e899fabcb02c3b4aa4caff291f69092_idle01_4-output" />
        <input semantic="INTERPOLATION" source="#_2e899fabcb02c3b4aa4caff291f69092_idle01_4-interpolation" />
      </sampler>
      <channel source="#_2e899fabcb02c3b4aa4caff291f69092_idle01_4-sampler" target="_-121638/matrix" />
    </animation>
    <animation id="_2e899fabcb02c3b4aa4caff291f69092_idle01_5">
      <source id="_2e899fabcb02c3b4aa4caff291f69092_idle01_5-input">
        <float_array id="_2e899fabcb02c3b4aa4caff291f69092_idle01_5-input-array" count="6">0.000000 0.633300 1.000000 1.333300 1.933300 1.966600</float_array>
        <technique_common>
          <accessor count="6" source="#_2e899fabcb02c3b4aa4caff291f69092_idle01_5-input-array">
            <param name="TIME" type="float" />
          </accessor>
        </technique_common>
      </source>
      <source id="_2e899fabcb02c3b4aa4caff291f69092_idle01_5-output">
        <float_array id="_2e899fabcb02c3b4aa4caff291f69092_idle01_5-output-array" count="96">

0.671115 -0.741354 0.000000 0.062397 
0.741354 0.671115 0.000000 0.000000 
0.000000 0.000000 1.000000 0.000000 
0.000000 0.000000 0.000000 1.000000 

0.680656 -0.732603 0.000000 0.062397 
0.732603 0.680656 0.000000 0.000000 
0.000000 0.000000 1.000000 0.000000 
0.000000 0.000000 0.000000 1.000000 

0.675427 -0.737427 0.000000 0.062397 
0.737427 0.675427 0.000000 0.000000 
0.000000 0.000000 1.000000 0.000000 
0.000000 0.000000 0.000000 1.000000 

0.787239 -0.616648 0.000000 0.062397 
0.616648 0.787239 0.000000 0.000000 
0.000000 0.000000 1.000000 0.000000 
0.000000 0.000000 0.000000 1.000000 

0.671888 -0.740653 0.000000 0.062397 
0.740653 0.671888 0.000000 0.000000 
0.000000 0.000000 1.000000 0.000000 
0.000000 0.000000 0.000000 1.000000 

0.671116 -0.741352 0.000000 0.062397 
0.741352 0.671116 0.000000 0.000000 
0.000000 0.000000 1.000000 0.000000 
0.000000 0.000000 0.000000 1.000000</float_array>
        <technique_common>
          <accessor count="6" source="#_2e899fabcb02c3b4aa4caff291f69092_idle01_5-output-array" stride="16">
            <param name="TRANSFORM" type="float4x4" />
          </accessor>
        </technique_common>
      </source>
      <source id="_2e899fabcb02c3b4aa4caff291f69092_idle01_5-interpolation">
        <Name_array id="_2e899fabcb02c3b4aa4caff291f69092_idle01_5-interpolation-array" count="6">LINEAR LINEAR LINEAR LINEAR LINEAR LINEAR </Name_array>
        <technique_common>
          <accessor count="6" source="#_2e899fabcb02c3b4aa4caff291f69092_idle01_5-interpolation-array">
            <param name="INTERPOLATION" type="name" />
          </accessor>
        </technique_common>
      </source>
      <sampler id="_2e899fabcb02c3b4aa4caff291f69092_idle01_5-sampler">
        <input semantic="INPUT" source="#_2e899fabcb02c3b4aa4caff291f69092_idle01_5-input" />
        <input semantic="OUTPUT" source="#_2e899fabcb02c3b4aa4caff291f69092_idle01_5-output" />
        <input semantic="INTERPOLATION" source="#_2e899fabcb02c3b4aa4caff291f69092_idle01_5-interpolation" />
      </sampler>
      <channel source="#_2e899fabcb02c3b4aa4caff291f69092_idle01_5-sampler" target="_-121652/matrix" />
    </animation>
    <animation id="_2e899fabcb02c3b4aa4caff291f69092_idle01_6">
      <source id="_2e899fabcb02c3b4aa4caff291f69092_idle01_6-input">
        <float_array id="_2e899fabcb02c3b4aa4caff291f69092_idle01_6-input-array" count="6">0.000000 0.666600 0.966600 1.266600 1.633300 1.966600</float_array>
        <technique_common>
          <accessor count="6" source="#_2e899fabcb02c3b4aa4caff291f69092_idle01_6-input-array">
            <param name="TIME" type="float" />
          </accessor>
        </technique_common>
      </source>
      <source id="_2e899fabcb02c3b4aa4caff291f69092_idle01_6-output">
        <float_array id="_2e899fabcb02c3b4aa4caff291f69092_idle01_6-output-array" count="96">

0.964528 0.037339 -0.261328 0.089487 
0.002639 0.988533 0.150984 0.000000 
0.263969 -0.146318 0.953369 0.000000 
0.000000 0.000000 0.000000 1.000000 

0.967315 -0.025659 -0.252277 0.089487 
0.070114 0.983145 0.168848 0.000000 
0.243692 -0.181017 0.952810 0.000000 
0.000000 0.000000 0.000000 1.000000 

0.975169 0.028164 -0.219662 0.089487 
0.032859 0.962501 0.269280 0.000000 
0.219009 -0.269812 0.937676 0.000000 
0.000000 0.000000 0.000000 1.000000 

0.923563 0.021135 -0.382865 0.089487 
0.124476 0.927880 0.351488 0.000000 
0.362682 -0.372278 0.854325 0.000000 
0.000000 0.000000 0.000000 1.000000 

0.957784 0.022118 -0.286637 0.089487 
0.088140 0.926430 0.366004 0.000000 
0.273644 -0.375817 0.885370 0.000000 
0.000000 0.000000 0.000000 1.000000 

0.964528 0.037338 -0.261327 0.089487 
0.002642 0.988531 0.150993 0.000000 
0.263968 -0.146328 0.953367 0.000000 
0.000000 0.000000 0.000000 1.000000</float_array>
        <technique_common>
          <accessor count="6" source="#_2e899fabcb02c3b4aa4caff291f69092_idle01_6-output-array" stride="16">
            <param name="TRANSFORM" type="float4x4" />
          </accessor>
        </technique_common>
      </source>
      <source id="_2e899fabcb02c3b4aa4caff291f69092_idle01_6-interpolation">
        <Name_array id="_2e899fabcb02c3b4aa4caff291f69092_idle01_6-interpolation-array" count="6">LINEAR LINEAR LINEAR LINEAR LINEAR LINEAR </Name_array>
        <technique_common>
          <accessor count="6" source="#_2e899fabcb02c3b4aa4caff291f69092_idle01_6-interpolation-array">
            <param name="INTERPOLATION" type="name" />
          </accessor>
        </technique_common>
      </source>
      <sampler id="_2e899fabcb02c3b4aa4caff291f69092_idle01_6-sampler">
        <input semantic="INPUT" source="#_2e899fabcb02c3b4aa4caff291f69092_idle01_6-input" />
        <input semantic="OUTPUT" source="#_2e899fabcb02c3b4aa4caff291f69092_idle01_6-output" />
        <input semantic="INTERPOLATION" source="#_2e899fabcb02c3b4aa4caff291f69092_idle01_6-interpolation" />
      </sampler>
      <channel source="#_2e899fabcb02c3b4aa4caff291f69092_idle01_6-sampler" target="_-121670/matrix" />
    </animation>
    <animation id="_2e899fabcb02c3b4aa4caff291f69092_idle01_7">
      <source id="_2e899fabcb02c3b4aa4caff291f69092_idle01_7-input">
        <float_array id="_2e899fabcb02c3b4aa4caff291f69092_idle01_7-input-array" count="2">0.000000 1.966600</float_array>
        <technique_common>
          <accessor count="2" source="#_2e899fabcb02c3b4aa4caff291f69092_idle01_7-input-array">
            <param name="TIME" type="float" />
          </accessor>
        </technique_common>
      </source>
      <source id="_2e899fabcb02c3b4aa4caff291f69092_idle01_7-output">
        <float_array id="_2e899fabcb02c3b4aa4caff291f69092_idle01_7-output-array" count="32">

1.000000 0.000000 0.000000 0.012846 
0.000000 1.000000 0.000000 0.000000 
0.000000 0.000000 1.000000 0.000000 
0.000000 0.000000 0.000000 1.000000 

1.000000 0.000000 0.000000 0.012846 
0.000000 1.000000 0.000000 0.000000 
0.000000 0.000000 1.000000 0.000000 
0.000000 0.000000 0.000000 1.000000</float_array>
        <technique_common>
          <accessor count="2" source="#_2e899fabcb02c3b4aa4caff291f69092_idle01_7-output-array" stride="16">
            <param name="TRANSFORM" type="float4x4" />
          </accessor>
        </technique_common>
      </source>
      <source id="_2e899fabcb02c3b4aa4caff291f69092_idle01_7-interpolation">
        <Name_array id="_2e899fabcb02c3b4aa4caff291f69092_idle01_7-interpolation-array" count="2">LINEAR LINEAR </Name_array>
        <technique_common>
          <accessor count="2" source="#_2e899fabcb02c3b4aa4caff291f69092_idle01_7-interpolation-array">
            <param name="INTERPOLATION" type="name" />
          </accessor>
        </technique_common>
      </source>
      <sampler id="_2e899fabcb02c3b4aa4caff291f69092_idle01_7-sampler">
        <input semantic="INPUT" source="#_2e899fabcb02c3b4aa4caff291f69092_idle01_7-input" />
        <input semantic="OUTPUT" source="#_2e899fabcb02c3b4aa4caff291f69092_idle01_7-output" />
        <input semantic="INTERPOLATION" source="#_2e899fabcb02c3b4aa4caff291f69092_idle01_7-interpolation" />
      </sampler>
      <channel source="#_2e899fabcb02c3b4aa4caff291f69092_idle01_7-sampler" target="_-121680/matrix" />
    </animation>
    <animation id="_2e899fabcb02c3b4aa4caff291f69092_idle01_8">
      <source id="_2e899fabcb02c3b4aa4caff291f69092_idle01_8-input">
        <float_array id="_2e899fabcb02c3b4aa4caff291f69092_idle01_8-input-array" count="2">0.000000 1.966600</float_array>
        <technique_common>
          <accessor count="2" source="#_2e899fabcb02c3b4aa4caff291f69092_idle01_8-input-array">
            <param name="TIME" type="float" />
          </accessor>
        </technique_common>
      </source>
      <source id="_2e899fabcb02c3b4aa4caff291f69092_idle01_8-output">
        <float_array id="_2e899fabcb02c3b4aa4caff291f69092_idle01_8-output-array" count="32">

0.963148 0.261380 0.063456 0.005351 
-0.044533 -0.077697 0.995982 0.001093 
0.265260 -0.962104 -0.063194 0.001296 
0.000000 0.000000 0.000000 1.000000 

0.963148 0.261380 0.063456 0.005351 
-0.044533 -0.077697 0.995982 0.001093 
0.265260 -0.962104 -0.063194 0.001296 
0.000000 0.000000 0.000000 1.000000</float_array>
        <technique_common>
          <accessor count="2" source="#_2e899fabcb02c3b4aa4caff291f69092_idle01_8-output-array" stride="16">
            <param name="TRANSFORM" type="float4x4" />
          </accessor>
        </technique_common>
      </source>
      <source id="_2e899fabcb02c3b4aa4caff291f69092_idle01_8-interpolation">
        <Name_array id="_2e899fabcb02c3b4aa4caff291f69092_idle01_8-interpolation-array" count="2">LINEAR LINEAR </Name_array>
        <technique_common>
          <accessor count="2" source="#_2e899fabcb02c3b4aa4caff291f69092_idle01_8-interpolation-array">
            <param name="INTERPOLATION" type="name" />
          </accessor>
        </technique_common>
      </source>
      <sampler id="_2e899fabcb02c3b4aa4caff291f69092_idle01_8-sampler">
        <input semantic="INPUT" source="#_2e899fabcb02c3b4aa4caff291f69092_idle01_8-input" />
        <input semantic="OUTPUT" source="#_2e899fabcb02c3b4aa4caff291f69092_idle01_8-output" />
        <input semantic="INTERPOLATION" source="#_2e899fabcb02c3b4aa4caff291f69092_idle01_8-interpolation" />
      </sampler>
      <channel source="#_2e899fabcb02c3b4aa4caff291f69092_idle01_8-sampler" target="_-121684/matrix" />
    </animation>
    <animation id="_2e899fabcb02c3b4aa4caff291f69092_idle01_9">
      <source id="_2e899fabcb02c3b4aa4caff291f69092_idle01_9-input">
        <float_array id="_2e899fabcb02c3b4aa4caff291f69092_idle01_9-input-array" count="2">0.000000 1.966600</float_array>
        <technique_common>
          <accessor count="2" source="#_2e899fabcb02c3b4aa4caff291f69092_idle01_9-input-array">
            <param name="TIME" type="float" />
          </accessor>
        </technique_common>
      </source>
      <source id="_2e899fabcb02c3b4aa4caff291f69092_idle01_9-output">
        <float_array id="_2e899fabcb02c3b4aa4caff291f69092_idle01_9-output-array" count="32">

1.000000 0.000000 0.000000 0.032111 
0.000000 1.000000 0.000000 0.000000 
0.000000 0.000000 1.000000 0.000000 
0.000000 0.000000 0.000000 1.000000 

1.000000 0.000000 0.000000 0.032111 
0.000000 1.000000 0.000000 0.000000 
0.000000 0.000000 1.000000 0.000000 
0.000000 0.000000 0.000000 1.000000</float_array>
        <technique_common>
          <accessor count="2" source="#_2e899fabcb02c3b4aa4caff291f69092_idle01_9-output-array" stride="16">
            <param name="TRANSFORM" type="float4x4" />
          </accessor>
        </technique_common>
      </source>
      <source id="_2e899fabcb02c3b4aa4caff291f69092_idle01_9-interpolation">
        <Name_array id="_2e899fabcb02c3b4aa4caff291f69092_idle01_9-interpolation-array" count="2">LINEAR LINEAR </Name_array>
        <technique_common>
          <accessor count="2" source="#_2e899fabcb02c3b4aa4caff291f69092_idle01_9-interpolation-array">
            <param name="INTERPOLATION" type="name" />
          </accessor>
        </technique_common>
      </source>
      <sampler id="_2e899fabcb02c3b4aa4caff291f69092_idle01_9-sampler">
        <input semantic="INPUT" source="#_2e899fabcb02c3b4aa4caff291f69092_idle01_9-input" />
        <input semantic="OUTPUT" source="#_2e899fabcb02c3b4aa4caff291f69092_idle01_9-output" />
        <input semantic="INTERPOLATION" source="#_2e899fabcb02c3b4aa4caff291f69092_idle01_9-interpolation" />
      </sampler>
      <channel source="#_2e899fabcb02c3b4aa4caff291f69092_idle01_9-sampler" target="_-121700/matrix" />
    </animation>
    <animation id="_2e899fabcb02c3b4aa4caff291f69092_idle01_10">
      <source id="_2e899fabcb02c3b4aa4caff291f69092_idle01_10-input">
        <float_array id="_2e899fabcb02c3b4aa4caff291f69092_idle01_10-input-array" count="2">0.000000 1.966600</float_array>
        <technique_common>
          <accessor count="2" source="#_2e899fabcb02c3b4aa4caff291f69092_idle01_10-input-array">
            <param name="TIME" type="float" />
          </accessor>
        </technique_common>
      </source>
      <source id="_2e899fabcb02c3b4aa4caff291f69092_idle01_10-output">
        <float_array id="_2e899fabcb02c3b4aa4caff291f69092_idle01_10-output-array" count="32">

0.506813 0.804983 -0.308454 -0.008242 
0.740387 -0.223191 0.634044 0.019249 
0.441551 -0.549717 -0.709115 0.005162 
0.000000 0.000000 0.000000 1.000000 

0.506813 0.804983 -0.308454 -0.008242 
0.740387 -0.223191 0.634044 0.019249 
0.441551 -0.549717 -0.709115 0.005162 
0.000000 0.000000 0.000000 1.000000</float_array>
        <technique_common>
          <accessor count="2" source="#_2e899fabcb02c3b4aa4caff291f69092_idle01_10-output-array" stride="16">
            <param name="TRANSFORM" type="float4x4" />
          </accessor>
        </technique_common>
      </source>
      <source id="_2e899fabcb02c3b4aa4caff291f69092_idle01_10-interpolation">
        <Name_array id="_2e899fabcb02c3b4aa4caff291f69092_idle01_10-interpolation-array" count="2">LINEAR LINEAR </Name_array>
        <technique_common>
          <accessor count="2" source="#_2e899fabcb02c3b4aa4caff291f69092_idle01_10-interpolation-array">
            <param name="INTERPOLATION" type="name" />
          </accessor>
        </technique_common>
      </source>
      <sampler id="_2e899fabcb02c3b4aa4caff291f69092_idle01_10-sampler">
        <input semantic="INPUT" source="#_2e899fabcb02c3b4aa4caff291f69092_idle01_10-input" />
        <input semantic="OUTPUT" source="#_2e899fabcb02c3b4aa4caff291f69092_idle01_10-output" />
        <input semantic="INTERPOLATION" source="#_2e899fabcb02c3b4aa4caff291f69092_idle01_10-interpolation" />
      </sampler>
      <channel source="#_2e899fabcb02c3b4aa4caff291f69092_idle01_10-sampler" target="_-121688/matrix" />
    </animation>
    <animation id="_2e899fabcb02c3b4aa4caff291f69092_idle01_11">
      <source id="_2e899fabcb02c3b4aa4caff291f69092_idle01_11-input">
        <float_array id="_2e899fabcb02c3b4aa4caff291f69092_idle01_11-input-array" count="2">0.000000 1.966600</float_array>
        <technique_common>
          <accessor count="2" source="#_2e899fabcb02c3b4aa4caff291f69092_idle01_11-input-array">
            <param name="TIME" type="float" />
          </accessor>
        </technique_common>
      </source>
      <source id="_2e899fabcb02c3b4aa4caff291f69092_idle01_11-output">
        <float_array id="_2e899fabcb02c3b4aa4caff291f69092_idle01_11-output-array" count="32">

1.000000 0.000000 0.000000 0.026087 
0.000000 1.000000 0.000000 0.000000 
0.000000 0.000000 1.000000 0.000000 
0.000000 0.000000 0.000000 1.000000 

1.000000 0.000000 0.000000 0.026087 
0.000000 1.000000 0.000000 0.000000 
0.000000 0.000000 1.000000 0.000000 
0.000000 0.000000 0.000000 1.000000</float_array>
        <technique_common>
          <accessor count="2" source="#_2e899fabcb02c3b4aa4caff291f69092_idle01_11-output-array" stride="16">
            <param name="TRANSFORM" type="float4x4" />
          </accessor>
        </technique_common>
      </source>
      <source id="_2e899fabcb02c3b4aa4caff291f69092_idle01_11-interpolation">
        <Name_array id="_2e899fabcb02c3b4aa4caff291f69092_idle01_11-interpolation-array" count="2">LINEAR LINEAR </Name_array>
        <technique_common>
          <accessor count="2" source="#_2e899fabcb02c3b4aa4caff291f69092_idle01_11-interpolation-array">
            <param name="INTERPOLATION" type="name" />
          </accessor>
        </technique_common>
      </source>
      <sampler id="_2e899fabcb02c3b4aa4caff291f69092_idle01_11-sampler">
        <input semantic="INPUT" source="#_2e899fabcb02c3b4aa4caff291f69092_idle01_11-input" />
        <input semantic="OUTPUT" source="#_2e899fabcb02c3b4aa4caff291f69092_idle01_11-output" />
        <input semantic="INTERPOLATION" source="#_2e899fabcb02c3b4aa4caff291f69092_idle01_11-interpolation" />
      </sampler>
      <channel source="#_2e899fabcb02c3b4aa4caff291f69092_idle01_11-sampler" target="_-121702/matrix" />
    </animation>
    <animation id="_2e899fabcb02c3b4aa4caff291f69092_idle01_12">
      <source id="_2e899fabcb02c3b4aa4caff291f69092_idle01_12-input">
        <float_array id="_2e899fabcb02c3b4aa4caff291f69092_idle01_12-input-array" count="12">0.000000 0.500000 0.533300 0.599900 0.966600 1.200000 1.266600 1.466600 1.866600 1.900000 1.933300 1.966600</float_array>
        <technique_common>
          <accessor count="12" source="#_2e899fabcb02c3b4aa4caff291f69092_idle01_12-input-array">
            <param name="TIME" type="float" />
          </accessor>
        </technique_common>
      </source>
      <source id="_2e899fabcb02c3b4aa4caff291f69092_idle01_12-output">
        <float_array id="_2e899fabcb02c3b4aa4caff291f69092_idle01_12-output-array" count="192">

0.999990 -0.004505 0.000064 0.046919 
0.004505 0.999990 0.000000 0.000000 
-0.000064 0.000000 1.000000 0.000000 
0.000000 0.000000 0.000000 1.000000 

0.999944 -0.010322 0.002224 0.044936 
0.010322 0.999947 -0.000019 0.000000 
-0.002224 0.000042 0.999997 0.000000 
0.000000 0.000000 0.000000 1.000000 

0.999966 -0.007975 0.002307 0.044846 
0.007975 0.999968 -0.000025 0.000013 
-0.002307 0.000043 0.999997 0.000000 
0.000000 0.000000 0.000000 1.000000 

0.999994 -0.002557 0.002440 0.044680 
0.002557 0.999997 -0.000038 0.000105 
-0.002439 0.000044 0.999997 0.000000 
0.000000 0.000000 0.000000 1.000000 

0.999237 0.038998 0.002232 0.044200 
-0.038998 0.999239 -0.000102 0.000894 
-0.002235 0.000015 0.999997 0.000000 
0.000000 0.000000 0.000000 1.000000 

0.997634 0.068742 0.001062 0.049168 
-0.068742 0.997634 -0.000073 0.000165 
-0.001064 0.000000 0.999999 0.000000 
0.000000 0.000000 0.000000 1.000000 

0.997142 0.075547 0.000650 0.051350 
-0.075547 0.997142 -0.000051 -0.000156 
-0.000652 0.000001 1.000000 0.000000 
0.000000 0.000000 0.000000 1.000000 

0.996768 0.080333 -0.000004 0.055238 
-0.080333 0.996768 -0.000006 -0.000726 
0.000004 0.000007 1.000000 0.000000 
0.000000 0.000000 0.000000 1.000000 

0.999683 0.025188 -0.000004 0.047800 
-0.025188 0.999683 0.000000 -0.000076 
0.000004 0.000000 1.000000 0.000000 
0.000000 0.000000 0.000000 1.000000 

0.999856 0.016997 0.000000 0.047339 
-0.016997 0.999856 0.000000 -0.000035 
0.000000 0.000000 1.000000 0.000000 
0.000000 0.000000 0.000000 1.000000 

0.999964 0.008526 0.000000 0.047042 
-0.008526 0.999964 0.000000 -0.000009 
0.000000 0.000000 1.000000 0.000000 
0.000000 0.000000 0.000000 1.000000 

1.000000 0.000017 0.000000 0.046936 
-0.000017 1.000000 0.000000 0.000000 
0.000000 0.000000 1.000000 0.000000 
0.000000 0.000000 0.000000 1.000000</float_array>
        <technique_common>
          <accessor count="12" source="#_2e899fabcb02c3b4aa4caff291f69092_idle01_12-output-array" stride="16">
            <param name="TRANSFORM" type="float4x4" />
          </accessor>
        </technique_common>
      </source>
      <source id="_2e899fabcb02c3b4aa4caff291f69092_idle01_12-interpolation">
        <Name_array id="_2e899fabcb02c3b4aa4caff291f69092_idle01_12-interpolation-array" count="12">LINEAR LINEAR LINEAR LINEAR LINEAR LINEAR LINEAR LINEAR LINEAR LINEAR LINEAR LINEAR </Name_array>
        <technique_common>
          <accessor count="12" source="#_2e899fabcb02c3b4aa4caff291f69092_idle01_12-interpolation-array">
            <param name="INTERPOLATION" type="name" />
          </accessor>
        </technique_common>
      </source>
      <sampler id="_2e899fabcb02c3b4aa4caff291f69092_idle01_12-sampler">
        <input semantic="INPUT" source="#_2e899fabcb02c3b4aa4caff291f69092_idle01_12-input" />
        <input semantic="OUTPUT" source="#_2e899fabcb02c3b4aa4caff291f69092_idle01_12-output" />
        <input semantic="INTERPOLATION" source="#_2e899fabcb02c3b4aa4caff291f69092_idle01_12-interpolation" />
      </sampler>
      <channel source="#_2e899fabcb02c3b4aa4caff291f69092_idle01_12-sampler" target="_-121640/matrix" />
    </animation>
    <animation id="_2e899fabcb02c3b4aa4caff291f69092_idle01_13">
      <source id="_2e899fabcb02c3b4aa4caff291f69092_idle01_13-input">
        <float_array id="_2e899fabcb02c3b4aa4caff291f69092_idle01_13-input-array" count="2">0.000000 1.966600</float_array>
        <technique_common>
          <accessor count="2" source="#_2e899fabcb02c3b4aa4caff291f69092_idle01_13-input-array">
            <param name="TIME" type="float" />
          </accessor>
        </technique_common>
      </source>
      <source id="_2e899fabcb02c3b4aa4caff291f69092_idle01_13-output">
        <float_array id="_2e899fabcb02c3b4aa4caff291f69092_idle01_13-output-array" count="32">

1.000000 0.000000 0.000000 0.513410 
0.000000 1.000000 0.000000 0.000000 
0.000000 0.000000 1.000000 0.000000 
0.000000 0.000000 0.000000 1.000000 

1.000000 0.000000 0.000000 0.513410 
0.000000 1.000000 0.000000 0.000000 
0.000000 0.000000 1.000000 0.000000 
0.000000 0.000000 0.000000 1.000000</float_array>
        <technique_common>
          <accessor count="2" source="#_2e899fabcb02c3b4aa4caff291f69092_idle01_13-output-array" stride="16">
            <param name="TRANSFORM" type="float4x4" />
          </accessor>
        </technique_common>
      </source>
      <source id="_2e899fabcb02c3b4aa4caff291f69092_idle01_13-interpolation">
        <Name_array id="_2e899fabcb02c3b4aa4caff291f69092_idle01_13-interpolation-array" count="2">LINEAR LINEAR </Name_array>
        <technique_common>
          <accessor count="2" source="#_2e899fabcb02c3b4aa4caff291f69092_idle01_13-interpolation-array">
            <param name="INTERPOLATION" type="name" />
          </accessor>
        </technique_common>
      </source>
      <sampler id="_2e899fabcb02c3b4aa4caff291f69092_idle01_13-sampler">
        <input semantic="INPUT" source="#_2e899fabcb02c3b4aa4caff291f69092_idle01_13-input" />
        <input semantic="OUTPUT" source="#_2e899fabcb02c3b4aa4caff291f69092_idle01_13-output" />
        <input semantic="INTERPOLATION" source="#_2e899fabcb02c3b4aa4caff291f69092_idle01_13-interpolation" />
      </sampler>
      <channel source="#_2e899fabcb02c3b4aa4caff291f69092_idle01_13-sampler" target="_-121650/matrix" />
    </animation>
    <animation id="_2e899fabcb02c3b4aa4caff291f69092_idle01_14">
      <source id="_2e899fabcb02c3b4aa4caff291f69092_idle01_14-input">
        <float_array id="_2e899fabcb02c3b4aa4caff291f69092_idle01_14-input-array" count="5">0.000000 0.566600 1.200000 1.733300 1.966600</float_array>
        <technique_common>
          <accessor count="5" source="#_2e899fabcb02c3b4aa4caff291f69092_idle01_14-input-array">
            <param name="TIME" type="float" />
          </accessor>
        </technique_common>
      </source>
      <source id="_2e899fabcb02c3b4aa4caff291f69092_idle01_14-output">
        <float_array id="_2e899fabcb02c3b4aa4caff291f69092_idle01_14-output-array" count="80">

0.850484 0.423892 0.311438 0.017578 
-0.504371 0.489152 0.711576 0.114525 
0.149291 -0.762264 0.629815 0.015585 
0.000000 0.000000 0.000000 1.000000 

0.801692 0.465075 0.375492 0.017578 
-0.548424 0.322453 0.771528 0.114525 
0.237740 -0.824457 0.513566 0.015585 
0.000000 0.000000 0.000000 1.000000 

0.823374 0.452908 0.341950 0.017578 
-0.532111 0.406692 0.742603 0.114525 
0.197262 -0.793395 0.575857 0.015585 
0.000000 0.000000 0.000000 1.000000 

0.851308 0.421753 0.312089 0.017578 
-0.502483 0.484254 0.716246 0.114525 
0.150949 -0.766565 0.624173 0.015585 
0.000000 0.000000 0.000000 1.000000 

0.850484 0.423892 0.311437 0.017578 
-0.504371 0.489152 0.711576 0.114525 
0.149291 -0.762264 0.629814 0.015585 
0.000000 0.000000 0.000000 1.000000</float_array>
        <technique_common>
          <accessor count="5" source="#_2e899fabcb02c3b4aa4caff291f69092_idle01_14-output-array" stride="16">
            <param name="TRANSFORM" type="float4x4" />
          </accessor>
        </technique_common>
      </source>
      <source id="_2e899fabcb02c3b4aa4caff291f69092_idle01_14-interpolation">
        <Name_array id="_2e899fabcb02c3b4aa4caff291f69092_idle01_14-interpolation-array" count="5">LINEAR LINEAR LINEAR LINEAR LINEAR </Name_array>
        <technique_common>
